student_id,cohort,first_gen,gender,rural_origin,race_ethnicity,home_state,institution_id,institution_name,institution_type,hs_gpa,test_percentile,birth_year,starting_major,major_category
S201500001,2015,0,M,0,Black,GA,INST_02,State University B (Research),research,3.71,83,1997,Electrical Engineering,STEM
S201500002,2015,1,F,0,White,NC,INST_01,State University A (Research),research,3.36,63,1997,Economics,Social Sciences
S201500003,2015,0,M,0,White,CA,INST_03,Regional College C (Teaching),teaching,2.55,60,1997,Accounting,Business
S201500004,2015,0,F,0,Multi,NC,INST_02,State University B (Research),research,2.88,61,1997,Pre-Med,Health
S201500005,2015,0,M,0,Hispanic,TX,INST_04,Regional College D (Teaching),teaching,3.41,57,1997,Art History,Humanities
S201500006,2015,0,M,0,White,NC,INST_02,State University B (Research),research,2.83,48,1997,Statistics,STEM
S201500007,2015,1,F,1,White,PA,INST_04,Regional College D (Teaching),teaching,2.67,48,1997,Education,Other
S201500008,2015,0,M,0,White,CA,INST_03,Regional College C (Teaching),teaching,3.03,47,1997,Economics,Social Sciences
S201500009,2015,1,M,0,Black,GA,INST_05,Urban University E (Research),research,2.96,28,1997,Biomedical Engineering,STEM
S201500010,2015,0,F,1,White,NY,INST_04,Regional College D (Teaching),teaching,1.97,52,1997,Political Science,Social Sciences
S201500011,2015,0,F,0,White,IL,INST_01,State University A (Research),research,2.74,66,1997,Psychology,Social Sciences
S201500012,2015,1,F,1,Asian,NC,INST_04,Regional College D (Teaching),teaching,2.45,40,1997,Management,Business
S201500013,2015,0,M,0,Black,FL,INST_01,State University A (Research),research,3.55,48,1997,Biology,STEM
S201500014,2015,0,M,1,NHPI,VA,INST_02,State University B (Research),research,3.22,50,1997,Education,Other
S201500015,2015,1,F,1,White,NJ,INST_05,Urban University E (Research),research,4.0,66,1997,Biology,STEM
S201500016,2015,0,M,1,Hispanic,FL,INST_04,Regional College D (Teaching),teaching,2.87,44,1997,Marketing,Business
S201500017,2015,0,M,0,White,TX,INST_01,State University A (Research),research,2.49,30,1997,Undeclared,Other
S201500018,2015,0,F,0,White,NY,INST_05,Urban University E (Research),research,3.63,47,1997,Mathematics,STEM
S201500019,2015,1,M,1,White,PA,INST_03,Regional College C (Teaching),teaching,2.65,46,1997,Economics-Bus,Business
S201500020,2015,0,M,0,White,FL,INST_01,State University A (Research),research,3.43,20,1997,Chemistry,STEM
S201500021,2015,1,M,0,Hispanic,PA,INST_03,Regional College C (Teaching),teaching,2.99,60,1997,Computer Science,STEM
S201500022,2015,1,F,0,White,NJ,INST_04,Regional College D (Teaching),teaching,3.28,45,1997,Mechanical Engineering,STEM
S201500023,2015,0,M,0,White,OH,INST_04,Regional College D (Teaching),teaching,4.0,65,1996,Electrical Engineering,STEM
S201500024,2015,1,M,0,Multi,MI,INST_05,Urban University E (Research),research,2.95,78,1997,Political Science,Social Sciences
S201500025,2015,0,M,1,White,TX,INST_03,Regional College C (Teaching),teaching,3.12,48,1997,Mathematics,STEM
S201500026,2015,0,F,1,White,TX,INST_02,State University B (Research),research,3.57,43,1997,Pre-Med,Health
S201500027,2015,1,M,0,White,MI,INST_01,State University A (Research),research,3.48,23,1997,Physics,STEM
S201500028,2015,0,M,1,White,OH,INST_02,State University B (Research),research,2.42,56,1997,Economics-Bus,Business
S201500029,2015,1,F,0,Hispanic,TX,INST_03,Regional College C (Teaching),teaching,2.94,38,1996,Biology,STEM
S201500030,2015,1,M,0,Hispanic,NC,INST_02,State University B (Research),research,1.98,54,1997,Mechanical Engineering,STEM
S201500031,2015,0,F,1,Black,NJ,INST_04,Regional College D (Teaching),teaching,3.71,26,1997,Biomedical Engineering,STEM
S201500032,2015,0,F,1,White,TX,INST_01,State University A (Research),research,3.49,66,1997,Kinesiology,Health
S201500033,2015,1,M,0,White,FL,INST_05,Urban University E (Research),research,2.92,67,1997,Undeclared,Other
S201500034,2015,0,M,1,Black,TX,INST_02,State University B (Research),research,3.11,50,1997,Economics-Bus,Business
S201500035,2015,1,M,0,Black,NY,INST_02,State University B (Research),research,3.91,76,1997,Spanish,Humanities
S201500036,2015,0,M,0,Multi,MI,INST_01,State University A (Research),research,3.33,57,1997,Public Health,Health
S201500037,2015,0,M,1,Asian,PA,INST_05,Urban University E (Research),research,3.49,21,1997,Marketing,Business
S201500038,2015,1,M,1,Multi,NY,INST_05,Urban University E (Research),research,3.2,52,1997,Marketing,Business
S201500039,2015,1,F,0,White,MI,INST_05,Urban University E (Research),research,2.07,57,1997,Economics,Social Sciences
S201500040,2015,0,M,0,Hispanic,TX,INST_04,Regional College D (Teaching),teaching,2.55,32,1997,Sociology,Social Sciences
S201500041,2015,1,F,1,Black,NC,INST_05,Urban University E (Research),research,3.62,62,1997,History,Humanities
S201500042,2015,1,M,0,White,FL,INST_02,State University B (Research),research,2.65,20,1997,Accounting,Business
S201500043,2015,0,M,0,Hispanic,OH,INST_01,State University A (Research),research,3.32,42,1997,Management,Business
S201500044,2015,0,F,0,Asian,PA,INST_02,State University B (Research),research,3.33,45,1997,Mechanical Engineering,STEM
S201500045,2015,1,F,0,Asian,OH,INST_05,Urban University E (Research),research,4.0,37,1996,Undeclared,Other
S201500046,2015,0,F,0,Hispanic,OH,INST_01,State University A (Research),research,3.4,35,1997,Nursing,Health
S201500047,2015,0,F,0,Hispanic,OH,INST_05,Urban University E (Research),research,2.37,59,1997,Marketing,Business
S201500048,2015,0,M,0,White,IL,INST_01,State University A (Research),research,2.89,80,1997,Civil Engineering,STEM
S201500049,2015,1,M,0,Asian,VA,INST_01,State University A (Research),research,2.63,46,1997,Kinesiology,Health
S201500050,2015,0,F,1,Black,NC,INST_05,Urban University E (Research),research,3.11,94,1996,Spanish,Humanities
S201500051,2015,1,F,1,White,MI,INST_01,State University A (Research),research,3.03,85,1997,Management,Business
S201500052,2015,0,F,0,Hispanic,GA,INST_04,Regional College D (Teaching),teaching,3.39,25,1997,Anthropology,Social Sciences
S201500053,2015,0,M,0,Black,VA,INST_02,State University B (Research),research,3.76,99,1997,Communications,Other
S201500054,2015,1,F,0,Black,VA,INST_03,Regional College C (Teaching),teaching,3.23,36,1997,Civil Engineering,STEM
S201500055,2015,0,M,0,White,OH,INST_04,Regional College D (Teaching),teaching,3.17,56,1997,Nursing,Health
S201500056,2015,1,M,1,Multi,NC,INST_02,State University B (Research),research,2.86,81,1997,Finance,Business
S201500057,2015,0,M,0,White,MI,INST_03,Regional College C (Teaching),teaching,2.72,91,1997,Management,Business
S201500058,2015,1,F,0,Asian,GA,INST_05,Urban University E (Research),research,3.61,70,1997,Economics-Bus,Business
S201500059,2015,0,M,0,White,IL,INST_05,Urban University E (Research),research,3.72,70,1997,Biology,STEM
S201500060,2015,0,F,0,White,PA,INST_02,State University B (Research),research,3.89,66,1997,Physics,STEM
S201500061,2015,0,M,0,White,VA,INST_03,Regional College C (Teaching),teaching,3.19,67,1997,Economics,Social Sciences
S201500062,2015,1,M,0,White,OH,INST_05,Urban University E (Research),research,3.11,63,1997,Biology,STEM
S201500063,2015,0,M,0,Hispanic,MI,INST_02,State University B (Research),research,2.54,74,1997,Economics-Bus,Business
S201500064,2015,0,M,1,Multi,NJ,INST_02,State University B (Research),research,2.77,71,1997,Physics,STEM
S201500065,2015,0,M,0,Asian,MI,INST_05,Urban University E (Research),research,3.12,65,1997,Pre-Med,Health
S201500066,2015,0,M,0,Hispanic,VA,INST_01,State University A (Research),research,3.46,12,1997,Sociology,Social Sciences
S201500067,2015,0,M,1,Hispanic,NY,INST_05,Urban University E (Research),research,3.94,62,1997,Mathematics,STEM
S201500068,2015,0,F,0,Asian,GA,INST_02,State University B (Research),research,4.0,31,1997,Education,Other
S201500069,2015,0,F,0,Black,FL,INST_02,State University B (Research),research,3.14,36,1997,Biology,STEM
S201500070,2015,0,F,0,Asian,NY,INST_02,State University B (Research),research,3.02,61,1997,Anthropology,Social Sciences
S201500071,2015,1,F,0,White,CA,INST_04,Regional College D (Teaching),teaching,3.03,83,1997,Physics,STEM
S201500072,2015,0,M,0,Hispanic,NY,INST_04,Regional College D (Teaching),teaching,2.76,41,1997,Public Health,Health
S201500073,2015,0,F,1,Asian,FL,INST_03,Regional College C (Teaching),teaching,2.14,60,1997,Kinesiology,Health
S201500074,2015,0,M,0,Hispanic,VA,INST_03,Regional College C (Teaching),teaching,3.44,41,1997,Physics,STEM
S201500075,2015,1,F,1,White,GA,INST_05,Urban University E (Research),research,3.62,43,1997,Chemistry,STEM
S201500076,2015,1,F,0,Hispanic,IL,INST_03,Regional College C (Teaching),teaching,3.58,58,1997,Mechanical Engineering,STEM
S201500077,2015,1,M,0,White,NC,INST_02,State University B (Research),research,4.0,58,1997,Electrical Engineering,STEM
S201500078,2015,1,M,0,Hispanic,NC,INST_01,State University A (Research),research,2.46,55,1997,Education,Other
S201500079,2015,0,M,0,White,OH,INST_05,Urban University E (Research),research,2.91,85,1997,History,Humanities
S201500080,2015,0,F,0,White,NJ,INST_05,Urban University E (Research),research,3.17,41,1997,Economics-Bus,Business
S201500081,2015,0,M,1,Asian,FL,INST_04,Regional College D (Teaching),teaching,3.38,77,1997,Pre-Med,Health
S201500082,2015,0,M,1,White,CA,INST_05,Urban University E (Research),research,2.72,56,1997,Sociology,Social Sciences
S201500083,2015,1,F,0,White,CA,INST_02,State University B (Research),research,3.61,71,1997,Marketing,Business
S201500084,2015,0,F,0,Black,PA,INST_02,State University B (Research),research,3.77,42,1997,Marketing,Business
S201500085,2015,0,F,0,Hispanic,GA,INST_03,Regional College C (Teaching),teaching,3.28,85,1997,Nursing,Health
S201500086,2015,1,F,0,Multi,VA,INST_03,Regional College C (Teaching),teaching,2.97,66,1997,Nursing,Health
S201500087,2015,0,F,0,Hispanic,IL,INST_02,State University B (Research),research,3.26,30,1997,Anthropology,Social Sciences
S201500088,2015,0,F,0,Asian,PA,INST_05,Urban University E (Research),research,3.45,72,1997,Public Health,Health
S201500089,2015,1,M,0,Black,PA,INST_04,Regional College D (Teaching),teaching,3.62,21,1997,Finance,Business
S201500090,2015,0,F,0,Hispanic,IL,INST_03,Regional College C (Teaching),teaching,2.22,79,1997,Economics,Social Sciences
S201500091,2015,0,M,0,White,TX,INST_01,State University A (Research),research,3.65,53,1997,Finance,Business
S201500092,2015,0,M,0,White,NY,INST_03,Regional College C (Teaching),teaching,2.71,51,1997,Pre-Med,Health
S201500093,2015,0,F,0,White,CA,INST_03,Regional College C (Teaching),teaching,2.83,55,1997,Mathematics,STEM
S201500094,2015,0,M,0,Hispanic,FL,INST_04,Regional College D (Teaching),teaching,2.84,58,1997,Statistics,STEM
S201500095,2015,0,F,0,White,PA,INST_01,State University A (Research),research,4.0,39,1997,Accounting,Business
S201500096,2015,1,F,0,Black,FL,INST_04,Regional College D (Teaching),teaching,4.0,34,1997,Physics,STEM
S201500097,2015,0,F,0,White,VA,INST_03,Regional College C (Teaching),teaching,3.07,32,1997,Management,Business
S201500098,2015,0,F,0,Black,FL,INST_02,State University B (Research),research,3.69,60,1997,Economics,Social Sciences
S201500099,2015,0,M,0,Hispanic,TX,INST_04,Regional College D (Teaching),teaching,2.39,72,1997,Marketing,Business
S201500100,2015,0,F,0,Hispanic,IL,INST_02,State University B (Research),research,3.02,47,1997,Psychology,Social Sciences
S201500101,2015,0,M,0,Asian,FL,INST_04,Regional College D (Teaching),teaching,2.78,87,1997,Electrical Engineering,STEM
S201500102,2015,0,F,1,White,MI,INST_04,Regional College D (Teaching),teaching,3.09,27,1997,Chemistry,STEM
S201500103,2015,0,F,0,Black,CA,INST_04,Regional College D (Teaching),teaching,2.54,44,1997,Computer Science,STEM
S201500104,2015,0,NB,0,White,GA,INST_03,Regional College C (Teaching),teaching,2.77,37,1997,General Studies,Other
S201500105,2015,0,F,0,White,PA,INST_03,Regional College C (Teaching),teaching,3.14,61,1997,Mechanical Engineering,STEM
S201500106,2015,0,F,0,Multi,CA,INST_05,Urban University E (Research),research,3.25,68,1997,Finance,Business
S201500107,2015,1,F,0,Asian,GA,INST_03,Regional College C (Teaching),teaching,3.67,42,1997,Mathematics,STEM
S201500108,2015,0,M,1,White,IL,INST_01,State University A (Research),research,3.98,69,1997,Sociology,Social Sciences
S201500109,2015,0,F,0,Asian,PA,INST_01,State University A (Research),research,3.19,75,1997,Electrical Engineering,STEM
S201500110,2015,1,F,0,White,TX,INST_01,State University A (Research),research,4.0,29,1997,Pre-Med,Health
S201500111,2015,1,F,0,White,IL,INST_01,State University A (Research),research,2.23,57,1997,Communications,Other
S201500112,2015,1,F,1,White,OH,INST_01,State University A (Research),research,3.47,62,1997,Biomedical Engineering,STEM
S201500113,2015,1,F,0,White,IL,INST_04,Regional College D (Teaching),teaching,3.68,45,1997,Public Health,Health
S201500114,2015,1,M,0,White,PA,INST_02,State University B (Research),research,3.46,54,1997,Anthropology,Social Sciences
S201500115,2015,0,F,0,Hispanic,VA,INST_05,Urban University E (Research),research,3.74,66,1997,History,Humanities
S201500116,2015,1,M,0,Hispanic,VA,INST_02,State University B (Research),research,3.19,36,1997,Mathematics,STEM
S201500117,2015,0,F,1,Black,IL,INST_05,Urban University E (Research),research,3.35,54,1997,Public Health,Health
S201500118,2015,1,F,0,White,TX,INST_02,State University B (Research),research,3.48,79,1997,Computer Science,STEM
S201500119,2015,0,M,0,Asian,PA,INST_04,Regional College D (Teaching),teaching,2.84,33,1997,Statistics,STEM
S201500120,2015,1,M,0,Hispanic,OH,INST_02,State University B (Research),research,3.67,34,1997,Kinesiology,Health
S201500121,2015,1,M,0,White,GA,INST_04,Regional College D (Teaching),teaching,2.68,49,1997,Psychology,Social Sciences
S201500122,2015,0,F,1,Hispanic,CA,INST_03,Regional College C (Teaching),teaching,3.56,68,1997,Computer Science,STEM
S201500123,2015,0,F,0,White,PA,INST_05,Urban University E (Research),research,3.28,29,1997,English,Humanities
S201500124,2015,0,F,0,Black,NY,INST_04,Regional College D (Teaching),teaching,3.54,49,1997,Physics,STEM
S201500125,2015,1,F,0,Hispanic,TX,INST_04,Regional College D (Teaching),teaching,2.86,40,1997,Economics,Social Sciences
S201500126,2015,1,M,0,White,PA,INST_05,Urban University E (Research),research,3.22,46,1997,Marketing,Business
S201500127,2015,0,F,0,Asian,MI,INST_03,Regional College C (Teaching),teaching,3.44,39,1997,Chemistry,STEM
S201500128,2015,1,F,0,White,IL,INST_02,State University B (Research),research,3.29,80,1997,Finance,Business
S201500129,2015,0,M,0,White,TX,INST_01,State University A (Research),research,3.04,99,1997,Management,Business
S201500130,2015,0,F,0,Black,TX,INST_03,Regional College C (Teaching),teaching,4.0,41,1997,Statistics,STEM
S201500131,2015,1,F,1,White,NY,INST_01,State University A (Research),research,2.94,47,1997,Sociology,Social Sciences
S201500132,2015,0,F,1,White,FL,INST_04,Regional College D (Teaching),teaching,2.52,57,1997,General Studies,Other
S201500133,2015,1,F,0,White,GA,INST_04,Regional College D (Teaching),teaching,2.53,60,1997,Economics-Bus,Business
S201500134,2015,0,M,0,White,OH,INST_04,Regional College D (Teaching),teaching,4.0,58,1997,Mathematics,STEM
S201500135,2015,0,F,1,Hispanic,FL,INST_01,State University A (Research),research,2.49,68,1997,Mathematics,STEM
S201500136,2015,0,M,0,White,MI,INST_03,Regional College C (Teaching),teaching,3.0,33,1997,Finance,Business
S201500137,2015,1,F,0,Unknown,CA,INST_03,Regional College C (Teaching),teaching,4.0,16,1997,Marketing,Business
S201500138,2015,0,M,1,Hispanic,NY,INST_02,State University B (Research),research,2.95,36,1997,Nursing,Health
S201500139,2015,0,F,1,White,CA,INST_05,Urban University E (Research),research,4.0,54,1997,Pre-Med,Health
S201500140,2015,1,F,0,Hispanic,NC,INST_04,Regional College D (Teaching),teaching,2.36,65,1996,Marketing,Business
S201500141,2015,0,F,1,Asian,NY,INST_04,Regional College D (Teaching),teaching,3.25,68,1997,Economics,Social Sciences
S201500142,2015,1,M,0,Hispanic,GA,INST_04,Regional College D (Teaching),teaching,3.34,52,1997,Political Science,Social Sciences
S201500143,2015,1,F,1,Multi,CA,INST_01,State University A (Research),research,3.55,65,1997,Management,Business
S201500144,2015,0,M,0,Hispanic,CA,INST_05,Urban University E (Research),research,4.0,78,1997,Public Health,Health
S201500145,2015,1,M,0,White,VA,INST_01,State University A (Research),research,3.34,71,1997,Sociology,Social Sciences
S201500146,2015,0,F,0,White,PA,INST_04,Regional College D (Teaching),teaching,3.37,52,1997,Mathematics,STEM
S201500147,2015,1,F,1,White,PA,INST_05,Urban University E (Research),research,3.32,45,1997,Public Health,Health
S201500148,2015,1,F,0,White,NY,INST_02,State University B (Research),research,3.46,63,1997,Accounting,Business
S201500149,2015,1,M,0,Hispanic,NJ,INST_04,Regional College D (Teaching),teaching,3.15,59,1997,Civil Engineering,STEM
S201500150,2015,1,F,0,Asian,NY,INST_01,State University A (Research),research,3.25,79,1997,Spanish,Humanities
S201500151,2015,0,M,0,Hispanic,NY,INST_05,Urban University E (Research),research,2.93,79,1997,Pre-Med,Health
S201500152,2015,0,F,0,Hispanic,OH,INST_04,Regional College D (Teaching),teaching,3.08,20,1997,Accounting,Business
S201500153,2015,0,F,0,Hispanic,NC,INST_01,State University A (Research),research,2.26,63,1997,Psychology,Social Sciences
S201500154,2015,0,F,0,White,GA,INST_04,Regional College D (Teaching),teaching,3.4,66,1997,Kinesiology,Health
S201500155,2015,0,M,0,White,NY,INST_03,Regional College C (Teaching),teaching,3.79,24,1997,Mathematics,STEM
S201500156,2015,1,F,0,White,CA,INST_01,State University A (Research),research,3.41,47,1997,Civil Engineering,STEM
S201500157,2015,1,M,1,White,NY,INST_04,Regional College D (Teaching),teaching,3.03,80,1997,Physics,STEM
S201500158,2015,1,F,0,Hispanic,MI,INST_02,State University B (Research),research,2.12,32,1997,Kinesiology,Health
S201500159,2015,0,F,0,Hispanic,TX,INST_02,State University B (Research),research,1.76,51,1997,Electrical Engineering,STEM
S201500160,2015,0,F,0,Black,NC,INST_05,Urban University E (Research),research,3.73,78,1997,English,Humanities
S201500161,2015,1,M,1,Black,NJ,INST_03,Regional College C (Teaching),teaching,3.08,33,1997,Civil Engineering,STEM
S201500162,2015,0,M,1,White,MI,INST_02,State University B (Research),research,3.36,15,1997,General Studies,Other
S201500163,2015,1,F,1,White,FL,INST_01,State University A (Research),research,2.5,62,1997,Marketing,Business
S201500164,2015,0,F,1,White,NC,INST_05,Urban University E (Research),research,3.12,16,1997,Management,Business
S201500165,2015,0,M,1,Hispanic,CA,INST_02,State University B (Research),research,3.08,32,1997,Economics-Bus,Business
S201500166,2015,1,M,1,Black,VA,INST_03,Regional College C (Teaching),teaching,3.2,43,1997,Sociology,Social Sciences
S201500167,2015,0,M,0,White,FL,INST_01,State University A (Research),research,4.0,80,1997,English,Humanities
S201500168,2015,0,F,0,Multi,PA,INST_05,Urban University E (Research),research,3.64,33,1997,Accounting,Business
S201500169,2015,1,F,0,White,MI,INST_03,Regional College C (Teaching),teaching,3.67,47,1997,Communications,Other
S201500170,2015,0,F,0,White,NY,INST_04,Regional College D (Teaching),teaching,3.88,73,1997,Kinesiology,Health
S201500171,2015,0,M,0,Black,VA,INST_03,Regional College C (Teaching),teaching,3.23,16,1997,Physics,STEM
S201500172,2015,1,F,0,White,IL,INST_04,Regional College D (Teaching),teaching,3.37,57,1997,History,Humanities
S201500173,2015,1,F,1,White,TX,INST_04,Regional College D (Teaching),teaching,2.94,57,1997,Electrical Engineering,STEM
S201500174,2015,0,F,1,Multi,NC,INST_02,State University B (Research),research,3.72,44,1997,Kinesiology,Health
S201500175,2015,0,M,1,White,TX,INST_03,Regional College C (Teaching),teaching,3.6,70,1997,Mechanical Engineering,STEM
S201500176,2015,0,M,0,Hispanic,GA,INST_01,State University A (Research),research,3.36,46,1996,Marketing,Business
S201500177,2015,1,M,0,Asian,FL,INST_02,State University B (Research),research,3.46,69,1996,Electrical Engineering,STEM
S201500178,2015,1,F,0,Black,MI,INST_03,Regional College C (Teaching),teaching,3.03,47,1997,Education,Other
S201500179,2015,0,F,0,Asian,CA,INST_02,State University B (Research),research,3.37,65,1997,Biomedical Engineering,STEM
S201500180,2015,1,F,0,Black,GA,INST_02,State University B (Research),research,2.96,47,1997,Biomedical Engineering,STEM
S201500181,2015,0,M,1,AIAN,NY,INST_01,State University A (Research),research,3.06,68,1997,Anthropology,Social Sciences
S201500182,2015,0,F,0,White,TX,INST_04,Regional College D (Teaching),teaching,2.57,35,1997,Political Science,Social Sciences
S201500183,2015,1,F,0,White,MI,INST_01,State University A (Research),research,3.74,89,1997,Mathematics,STEM
S201500184,2015,0,F,0,Hispanic,OH,INST_01,State University A (Research),research,2.86,58,1997,Kinesiology,Health
S201500185,2015,0,F,0,White,VA,INST_05,Urban University E (Research),research,2.76,38,1997,Mechanical Engineering,STEM
S201500186,2015,1,F,0,White,OH,INST_04,Regional College D (Teaching),teaching,3.91,78,1997,Undeclared,Other
S201500187,2015,1,M,0,White,PA,INST_04,Regional College D (Teaching),teaching,3.42,44,1997,Marketing,Business
S201500188,2015,1,M,0,White,FL,INST_01,State University A (Research),research,3.61,48,1997,Civil Engineering,STEM
S201500189,2015,0,F,1,White,FL,INST_02,State University B (Research),research,3.46,68,1997,Computer Science,STEM
S201500190,2015,0,F,0,Hispanic,IL,INST_02,State University B (Research),research,3.26,48,1997,Psychology,Social Sciences
S201500191,2015,0,F,0,Hispanic,FL,INST_04,Regional College D (Teaching),teaching,3.67,58,1997,General Studies,Other
S201500192,2015,0,F,0,White,MI,INST_01,State University A (Research),research,2.63,61,1997,Public Health,Health
S201500193,2015,0,F,1,White,TX,INST_03,Regional College C (Teaching),teaching,3.05,77,1997,General Studies,Other
S201500194,2015,0,F,0,Hispanic,VA,INST_01,State University A (Research),research,3.27,29,1997,Anthropology,Social Sciences
S201500195,2015,0,F,0,White,FL,INST_04,Regional College D (Teaching),teaching,3.57,41,1997,Sociology,Social Sciences
S201500196,2015,1,F,0,White,IL,INST_05,Urban University E (Research),research,3.39,63,1997,Anthropology,Social Sciences
S201500197,2015,0,F,0,White,VA,INST_01,State University A (Research),research,2.43,47,1997,Nursing,Health
S201500198,2015,1,M,0,White,GA,INST_03,Regional College C (Teaching),teaching,3.26,15,1997,Electrical Engineering,STEM
S201500199,2015,1,M,0,Black,MI,INST_01,State University A (Research),research,3.76,71,1997,Anthropology,Social Sciences
S201500200,2015,0,M,0,White,IL,INST_04,Regional College D (Teaching),teaching,3.56,39,1997,Mechanical Engineering,STEM
S201500201,2015,0,M,0,Multi,NY,INST_04,Regional College D (Teaching),teaching,2.19,54,1997,Management,Business
S201500202,2015,0,F,0,White,MI,INST_02,State University B (Research),research,3.61,12,1997,Economics-Bus,Business
S201500203,2015,0,F,0,Black,MI,INST_03,Regional College C (Teaching),teaching,3.42,3,1997,Civil Engineering,STEM
S201500204,2015,1,F,0,White,NC,INST_04,Regional College D (Teaching),teaching,2.72,38,1997,Chemistry,STEM
S201500205,2015,0,M,1,White,NY,INST_05,Urban University E (Research),research,3.75,55,1997,Economics-Bus,Business
S201500206,2015,0,F,1,White,OH,INST_05,Urban University E (Research),research,3.34,60,1997,Pre-Med,Health
S201500207,2015,1,F,0,Hispanic,CA,INST_02,State University B (Research),research,2.08,60,1997,Philosophy,Humanities
S201500208,2015,1,F,0,NHPI,NC,INST_01,State University A (Research),research,3.56,38,1997,Accounting,Business
S201500209,2015,1,F,0,Black,NJ,INST_01,State University A (Research),research,2.97,70,1997,English,Humanities
S201500210,2015,0,F,1,White,NJ,INST_05,Urban University E (Research),research,3.75,39,1997,Statistics,STEM
S201500211,2015,0,F,0,Multi,GA,INST_02,State University B (Research),research,3.55,54,1997,Statistics,STEM
S201500212,2015,0,F,0,Hispanic,GA,INST_04,Regional College D (Teaching),teaching,3.25,32,1997,Communications,Other
S201500213,2015,1,M,0,Black,GA,INST_03,Regional College C (Teaching),teaching,3.44,86,1997,Statistics,STEM
S201500214,2015,1,M,0,Black,CA,INST_02,State University B (Research),research,3.61,46,1997,Civil Engineering,STEM
S201500215,2015,0,M,0,Black,OH,INST_02,State University B (Research),research,2.45,39,1997,Nursing,Health
S201500216,2015,1,F,0,White,MI,INST_02,State University B (Research),research,3.12,46,1997,Sociology,Social Sciences
S201500217,2015,0,M,0,Asian,OH,INST_04,Regional College D (Teaching),teaching,3.68,45,1997,General Studies,Other
S201500218,2015,1,M,1,White,VA,INST_04,Regional College D (Teaching),teaching,3.04,47,1997,Communications,Other
S201500219,2015,0,M,1,White,IL,INST_03,Regional College C (Teaching),teaching,2.56,62,1997,Mechanical Engineering,STEM
S201500220,2015,0,M,0,Hispanic,PA,INST_01,State University A (Research),research,3.67,52,1997,Computer Science,STEM
S201500221,2015,1,M,0,White,PA,INST_05,Urban University E (Research),research,3.52,45,1997,Communications,Other
S201500222,2015,1,M,0,White,VA,INST_03,Regional College C (Teaching),teaching,3.6,82,1997,General Studies,Other
S201500223,2015,0,F,0,White,NJ,INST_02,State University B (Research),research,4.0,68,1997,Public Health,Health
S201500224,2015,1,M,1,Hispanic,NC,INST_05,Urban University E (Research),research,3.31,73,1997,Public Health,Health
S201500225,2015,1,F,0,Black,OH,INST_05,Urban University E (Research),research,2.91,37,1997,Electrical Engineering,STEM
S201500226,2015,1,F,0,Hispanic,FL,INST_03,Regional College C (Teaching),teaching,3.86,81,1997,Nursing,Health
S201500227,2015,0,M,1,Asian,NY,INST_04,Regional College D (Teaching),teaching,3.47,48,1997,Biomedical Engineering,STEM
S201500228,2015,0,F,1,White,IL,INST_01,State University A (Research),research,3.59,93,1997,Anthropology,Social Sciences
S201500229,2015,0,F,0,Hispanic,VA,INST_01,State University A (Research),research,3.09,60,1997,Accounting,Business
S201500230,2015,0,F,0,Asian,OH,INST_02,State University B (Research),research,2.11,28,1997,Nursing,Health
S201500231,2015,0,F,1,Multi,OH,INST_01,State University A (Research),research,3.29,55,1997,Finance,Business
S201500232,2015,0,M,0,Black,TX,INST_01,State University A (Research),research,3.02,48,1997,Economics,Social Sciences
S201500233,2015,0,F,0,Asian,GA,INST_01,State University A (Research),research,3.59,88,1997,Biology,STEM
S201500234,2015,1,F,0,White,MI,INST_02,State University B (Research),research,3.02,56,1997,Biomedical Engineering,STEM
S201500235,2015,0,M,0,Black,MI,INST_02,State University B (Research),research,3.12,48,1997,Economics-Bus,Business
S201500236,2015,0,F,0,White,TX,INST_03,Regional College C (Teaching),teaching,2.53,47,1997,Chemistry,STEM
S201500237,2015,1,M,0,Black,TX,INST_05,Urban University E (Research),research,2.78,26,1997,Spanish,Humanities
S201500238,2015,0,M,1,Hispanic,NY,INST_05,Urban University E (Research),research,2.79,59,1997,Education,Other
S201500239,2015,1,F,0,White,GA,INST_04,Regional College D (Teaching),teaching,3.33,39,1997,Undeclared,Other
S201500240,2015,1,M,0,White,TX,INST_03,Regional College C (Teaching),teaching,3.69,55,1997,Undeclared,Other
S201500241,2015,0,M,0,White,CA,INST_03,Regional College C (Teaching),teaching,3.2,39,1997,Civil Engineering,STEM
S201500242,2015,0,M,0,Black,FL,INST_02,State University B (Research),research,2.43,48,1997,Civil Engineering,STEM
S201500243,2015,1,M,0,White,IL,INST_05,Urban University E (Research),research,3.91,23,1997,Undeclared,Other
S201500244,2015,0,M,0,White,TX,INST_05,Urban University E (Research),research,2.43,78,1997,Accounting,Business
S201500245,2015,0,F,0,White,PA,INST_03,Regional College C (Teaching),teaching,3.35,23,1997,Public Health,Health
S201500246,2015,1,M,0,Hispanic,VA,INST_01,State University A (Research),research,3.29,27,1997,Kinesiology,Health
S201500247,2015,0,M,1,Asian,NC,INST_01,State University A (Research),research,3.09,51,1997,Mechanical Engineering,STEM
S201500248,2015,0,F,0,White,NJ,INST_04,Regional College D (Teaching),teaching,3.3,84,1997,Mathematics,STEM
S201500249,2015,1,F,0,Hispanic,VA,INST_04,Regional College D (Teaching),teaching,2.58,66,1997,Mechanical Engineering,STEM
S201500250,2015,1,F,0,White,VA,INST_02,State University B (Research),research,2.84,50,1997,Management,Business
S201500251,2015,0,M,0,White,NY,INST_01,State University A (Research),research,4.0,33,1997,Undeclared,Other
S201500252,2015,0,NB,0,Hispanic,MI,INST_05,Urban University E (Research),research,2.79,72,1997,Mechanical Engineering,STEM
S201500253,2015,1,F,0,Hispanic,GA,INST_04,Regional College D (Teaching),teaching,3.08,75,1997,Electrical Engineering,STEM
S201500254,2015,0,M,1,White,GA,INST_03,Regional College C (Teaching),teaching,3.31,62,1997,Political Science,Social Sciences
S201500255,2015,0,M,0,Multi,NC,INST_01,State University A (Research),research,3.03,99,1997,Mechanical Engineering,STEM
S201500256,2015,1,F,1,White,MI,INST_05,Urban University E (Research),research,2.46,53,1997,Economics-Bus,Business
S201500257,2015,0,F,0,Black,IL,INST_05,Urban University E (Research),research,3.03,22,1997,Public Health,Health
S201500258,2015,0,M,0,White,MI,INST_01,State University A (Research),research,3.36,53,1997,Physics,STEM
S201500259,2015,1,M,1,White,TX,INST_03,Regional College C (Teaching),teaching,2.77,52,1997,Biomedical Engineering,STEM
S201500260,2015,0,NB,0,White,CA,INST_01,State University A (Research),research,3.46,80,1997,Public Health,Health
S201500261,2015,0,F,0,White,OH,INST_03,Regional College C (Teaching),teaching,3.76,72,1997,Finance,Business
S201500262,2015,0,F,0,White,NY,INST_04,Regional College D (Teaching),teaching,4.0,15,1997,Management,Business
S201500263,2015,0,F,1,White,CA,INST_01,State University A (Research),research,3.44,34,1997,English,Humanities
S201500264,2015,0,F,0,Multi,NY,INST_04,Regional College D (Teaching),teaching,3.18,63,1997,Biomedical Engineering,STEM
S201500265,2015,0,F,1,White,CA,INST_01,State University A (Research),research,3.69,37,1997,Undeclared,Other
S201500266,2015,1,M,1,White,TX,INST_04,Regional College D (Teaching),teaching,3.28,51,1997,Kinesiology,Health
S201500267,2015,0,M,1,White,IL,INST_04,Regional College D (Teaching),teaching,3.47,61,1997,Kinesiology,Health
S201500268,2015,1,F,0,Hispanic,NC,INST_04,Regional College D (Teaching),teaching,2.59,36,1997,Physics,STEM
S201500269,2015,0,F,0,Hispanic,MI,INST_01,State University A (Research),research,4.0,80,1997,Economics-Bus,Business
S201500270,2015,1,F,1,White,NY,INST_02,State University B (Research),research,2.72,65,1997,Nursing,Health
S201500271,2015,0,F,1,White,FL,INST_03,Regional College C (Teaching),teaching,2.98,47,1997,Political Science,Social Sciences
S201500272,2015,1,M,0,White,FL,INST_03,Regional College C (Teaching),teaching,2.81,73,1997,Biomedical Engineering,STEM
S201500273,2015,1,F,0,Hispanic,FL,INST_02,State University B (Research),research,2.93,58,1997,Accounting,Business
S201500274,2015,0,F,1,White,GA,INST_03,Regional College C (Teaching),teaching,2.3,5,1997,Mechanical Engineering,STEM
S201500275,2015,0,F,0,White,PA,INST_01,State University A (Research),research,3.18,86,1997,Education,Other
S201500276,2015,0,M,0,Multi,NJ,INST_03,Regional College C (Teaching),teaching,2.79,63,1997,Statistics,STEM
S201500277,2015,1,M,1,White,NC,INST_04,Regional College D (Teaching),teaching,4.0,91,1997,General Studies,Other
S201500278,2015,0,F,1,Asian,NJ,INST_03,Regional College C (Teaching),teaching,2.83,59,1997,Biomedical Engineering,STEM
S201500279,2015,0,F,1,Hispanic,OH,INST_03,Regional College C (Teaching),teaching,3.19,70,1997,Psychology,Social Sciences
S201500280,2015,0,M,0,White,TX,INST_03,Regional College C (Teaching),teaching,2.8,47,1997,Mechanical Engineering,STEM
S201500281,2015,0,M,1,White,OH,INST_03,Regional College C (Teaching),teaching,3.48,82,1997,Communications,Other
S201500282,2015,0,F,1,Black,CA,INST_05,Urban University E (Research),research,2.9,69,1997,Management,Business
S201500283,2015,1,M,1,Asian,TX,INST_05,Urban University E (Research),research,3.39,61,1997,Electrical Engineering,STEM
S201500284,2015,0,M,0,Black,FL,INST_04,Regional College D (Teaching),teaching,2.52,30,1997,Spanish,Humanities
S201500285,2015,0,F,1,White,FL,INST_02,State University B (Research),research,4.0,60,1997,Pre-Med,Health
S201500286,2015,0,F,0,Black,NY,INST_04,Regional College D (Teaching),teaching,3.05,79,1997,Physics,STEM
S201500287,2015,0,M,1,Multi,VA,INST_02,State University B (Research),research,3.42,65,1997,Management,Business
S201500288,2015,0,M,1,White,OH,INST_03,Regional College C (Teaching),teaching,3.08,21,1997,Communications,Other
S201500289,2015,0,M,0,White,MI,INST_04,Regional College D (Teaching),teaching,3.25,81,1997,Mathematics,STEM
S201500290,2015,0,F,0,White,VA,INST_02,State University B (Research),research,3.36,51,1997,Accounting,Business
S201500291,2015,0,M,0,White,NY,INST_05,Urban University E (Research),research,2.96,46,1997,Kinesiology,Health
S201500292,2015,0,M,0,White,TX,INST_02,State University B (Research),research,3.89,80,1997,English,Humanities
S201500293,2015,0,F,0,White,TX,INST_04,Regional College D (Teaching),teaching,3.83,65,1997,Civil Engineering,STEM
S201500294,2015,0,F,0,Black,MI,INST_01,State University A (Research),research,3.33,19,1997,Marketing,Business
S201500295,2015,1,M,0,Black,NC,INST_02,State University B (Research),research,2.61,95,1997,Political Science,Social Sciences
S201500296,2015,1,F,1,Black,FL,INST_02,State University B (Research),research,2.75,81,1997,Psychology,Social Sciences
S201500297,2015,1,F,0,Asian,TX,INST_01,State University A (Research),research,1.85,29,1997,Management,Business
S201500298,2015,0,M,0,Black,NJ,INST_04,Regional College D (Teaching),teaching,3.55,54,1997,Marketing,Business
S201500299,2015,1,M,1,White,PA,INST_04,Regional College D (Teaching),teaching,2.65,40,1997,Biology,STEM
S201500300,2015,1,M,1,White,NJ,INST_03,Regional College C (Teaching),teaching,3.48,48,1997,Marketing,Business
S201500301,2015,0,F,0,Asian,CA,INST_04,Regional College D (Teaching),teaching,2.49,53,1997,Spanish,Humanities
S201500302,2015,0,M,0,White,MI,INST_05,Urban University E (Research),research,2.54,34,1997,Statistics,STEM
S201500303,2015,0,F,0,Hispanic,VA,INST_02,State University B (Research),research,4.0,73,1996,Undeclared,Other
S201500304,2015,0,F,0,Black,VA,INST_04,Regional College D (Teaching),teaching,3.36,73,1997,Mathematics,STEM
S201500305,2015,0,M,1,Black,IL,INST_04,Regional College D (Teaching),teaching,3.34,87,1996,Accounting,Business
S201500306,2015,0,F,0,White,CA,INST_05,Urban University E (Research),research,2.91,46,1997,Nursing,Health
S201500307,2015,0,M,0,White,FL,INST_03,Regional College C (Teaching),teaching,2.21,70,1997,Economics-Bus,Business
S201500308,2015,0,F,0,Black,NY,INST_04,Regional College D (Teaching),teaching,3.45,57,1997,Economics-Bus,Business
S201500309,2015,0,F,0,Hispanic,CA,INST_03,Regional College C (Teaching),teaching,3.52,36,1997,Chemistry,STEM
S201500310,2015,1,F,1,White,NJ,INST_03,Regional College C (Teaching),teaching,3.3,75,1997,Undeclared,Other
S201500311,2015,0,F,1,Black,GA,INST_01,State University A (Research),research,2.65,58,1997,Management,Business
S201500312,2015,0,M,0,White,CA,INST_02,State University B (Research),research,3.17,77,1997,Public Health,Health
S201500313,2015,0,M,0,White,IL,INST_03,Regional College C (Teaching),teaching,3.14,27,1997,Nursing,Health
S201500314,2015,0,M,0,Black,NJ,INST_01,State University A (Research),research,2.64,36,1997,Civil Engineering,STEM
S201500315,2015,1,M,0,White,CA,INST_03,Regional College C (Teaching),teaching,3.74,77,1997,Communications,Other
S201500316,2015,0,M,0,Asian,IL,INST_04,Regional College D (Teaching),teaching,3.54,33,1997,Nursing,Health
S201500317,2015,0,F,0,Hispanic,NC,INST_01,State University A (Research),research,2.8,46,1997,Mathematics,STEM
S201500318,2015,0,F,0,Black,FL,INST_01,State University A (Research),research,2.23,88,1997,Education,Other
S201500319,2015,0,M,0,White,CA,INST_03,Regional College C (Teaching),teaching,3.84,74,1997,Management,Business
S201500320,2015,0,F,0,White,VA,INST_01,State University A (Research),research,3.16,99,1997,Physics,STEM
S201500321,2015,1,F,0,Black,CA,INST_02,State University B (Research),research,3.09,48,1997,Accounting,Business
S201500322,2015,1,M,0,Hispanic,CA,INST_01,State University A (Research),research,3.77,56,1997,Mechanical Engineering,STEM
S201500323,2015,0,M,0,Asian,FL,INST_03,Regional College C (Teaching),teaching,3.15,25,1997,Electrical Engineering,STEM
S201500324,2015,1,M,0,Black,TX,INST_01,State University A (Research),research,3.56,63,1997,Anthropology,Social Sciences
S201500325,2015,0,M,1,White,NC,INST_04,Regional College D (Teaching),teaching,3.43,50,1997,Kinesiology,Health
S201500326,2015,1,F,0,White,NC,INST_03,Regional College C (Teaching),teaching,2.98,54,1997,General Studies,Other
S201500327,2015,0,F,0,White,NJ,INST_04,Regional College D (Teaching),teaching,3.37,15,1997,Chemistry,STEM
S201500328,2015,1,F,0,White,GA,INST_03,Regional College C (Teaching),teaching,3.04,90,1997,Management,Business
S201500329,2015,1,M,1,White,NY,INST_04,Regional College D (Teaching),teaching,3.44,67,1997,Management,Business
S201500330,2015,0,M,0,Asian,PA,INST_03,Regional College C (Teaching),teaching,3.69,17,1997,Public Health,Health
S201500331,2015,0,F,1,White,PA,INST_05,Urban University E (Research),research,3.26,99,1997,Sociology,Social Sciences
S201500332,2015,1,M,0,Hispanic,NY,INST_03,Regional College C (Teaching),teaching,4.0,57,1997,Civil Engineering,STEM
S201500333,2015,0,F,1,Black,PA,INST_05,Urban University E (Research),research,2.81,17,1997,Computer Science,STEM
S201500334,2015,0,F,1,Multi,NJ,INST_03,Regional College C (Teaching),teaching,3.38,73,1996,Mathematics,STEM
S201500335,2015,0,F,0,Asian,TX,INST_05,Urban University E (Research),research,2.19,57,1997,Economics,Social Sciences
S201500336,2015,1,M,0,Asian,NY,INST_04,Regional College D (Teaching),teaching,2.77,56,1997,Kinesiology,Health
S201500337,2015,1,M,0,Multi,FL,INST_01,State University A (Research),research,2.98,64,1997,Biology,STEM
S201500338,2015,0,M,0,Asian,GA,INST_02,State University B (Research),research,2.86,44,1997,Political Science,Social Sciences
S201500339,2015,1,M,1,White,NJ,INST_05,Urban University E (Research),research,2.53,36,1997,Political Science,Social Sciences
S201500340,2015,1,M,0,Black,NC,INST_05,Urban University E (Research),research,3.0,36,1997,Statistics,STEM
S201500341,2015,1,F,1,Asian,MI,INST_02,State University B (Research),research,3.05,34,1997,Accounting,Business
S201500342,2015,1,F,1,Black,OH,INST_01,State University A (Research),research,2.69,63,1997,Biology,STEM
S201500343,2015,0,M,1,Asian,CA,INST_04,Regional College D (Teaching),teaching,2.95,49,1997,Electrical Engineering,STEM
S201500344,2015,0,M,0,Black,VA,INST_04,Regional College D (Teaching),teaching,3.59,36,1997,Pre-Med,Health
S201500345,2015,1,F,0,White,GA,INST_04,Regional College D (Teaching),teaching,4.0,54,1997,Nursing,Health
S201500346,2015,0,M,0,White,CA,INST_03,Regional College C (Teaching),teaching,3.78,58,1997,Economics-Bus,Business
S201500347,2015,0,M,0,White,OH,INST_02,State University B (Research),research,3.73,52,1997,Art History,Humanities
S201500348,2015,0,F,0,White,VA,INST_04,Regional College D (Teaching),teaching,3.39,38,1997,Kinesiology,Health
S201500349,2015,0,F,0,Black,PA,INST_05,Urban University E (Research),research,3.19,52,1997,Electrical Engineering,STEM
S201500350,2015,0,F,0,White,IL,INST_02,State University B (Research),research,3.48,79,1997,Education,Other
S201500351,2015,0,F,0,White,NJ,INST_03,Regional College C (Teaching),teaching,3.19,51,1997,General Studies,Other
S201500352,2015,0,F,1,White,IL,INST_03,Regional College C (Teaching),teaching,3.1,95,1997,Economics-Bus,Business
S201500353,2015,1,F,1,Hispanic,NY,INST_03,Regional College C (Teaching),teaching,3.3,68,1997,Public Health,Health
S201500354,2015,0,F,0,White,CA,INST_02,State University B (Research),research,3.14,51,1997,Psychology,Social Sciences
S201500355,2015,0,F,0,Hispanic,VA,INST_03,Regional College C (Teaching),teaching,3.24,94,1996,Economics-Bus,Business
S201500356,2015,1,M,1,Hispanic,OH,INST_03,Regional College C (Teaching),teaching,3.55,51,1997,Kinesiology,Health
S201500357,2015,0,M,1,White,OH,INST_02,State University B (Research),research,3.41,46,1997,Marketing,Business
S201500358,2015,0,F,0,White,OH,INST_04,Regional College D (Teaching),teaching,2.85,43,1997,Spanish,Humanities
S201500359,2015,0,F,0,White,NY,INST_02,State University B (Research),research,2.74,76,1997,Marketing,Business
S201500360,2015,0,F,1,White,CA,INST_03,Regional College C (Teaching),teaching,2.99,26,1997,Accounting,Business
S201500361,2015,0,M,0,White,TX,INST_04,Regional College D (Teaching),teaching,2.97,66,1997,Nursing,Health
S201500362,2015,0,M,0,Hispanic,NJ,INST_02,State University B (Research),research,3.92,37,1997,Philosophy,Humanities
S201500363,2015,0,M,1,White,OH,INST_05,Urban University E (Research),research,3.19,76,1997,Biology,STEM
S201500364,2015,0,F,0,White,IL,INST_04,Regional College D (Teaching),teaching,3.0,58,1997,Computer Science,STEM
S201500365,2015,0,F,0,White,VA,INST_01,State University A (Research),research,3.52,40,1997,Communications,Other
S201500366,2015,1,M,0,White,GA,INST_03,Regional College C (Teaching),teaching,3.97,54,1997,Mathematics,STEM
S201500367,2015,1,M,0,Multi,NY,INST_05,Urban University E (Research),research,2.61,54,1997,Management,Business
S201500368,2015,1,M,0,Black,IL,INST_01,State University A (Research),research,2.94,78,1997,Finance,Business
S201500369,2015,0,M,0,White,CA,INST_05,Urban University E (Research),research,3.43,91,1997,Management,Business
S201500370,2015,1,M,0,White,NY,INST_02,State University B (Research),research,2.91,40,1997,Education,Other
S201500371,2015,0,F,0,Hispanic,CA,INST_05,Urban University E (Research),research,4.0,48,1997,Biomedical Engineering,STEM
S201500372,2015,1,F,0,White,OH,INST_03,Regional College C (Teaching),teaching,3.25,65,1996,Economics,Social Sciences
S201500373,2015,1,F,0,White,FL,INST_04,Regional College D (Teaching),teaching,3.99,71,1997,Anthropology,Social Sciences
S201500374,2015,0,F,0,Hispanic,TX,INST_04,Regional College D (Teaching),teaching,3.45,14,1997,General Studies,Other
S201500375,2015,1,M,0,White,VA,INST_05,Urban University E (Research),research,3.37,43,1997,Political Science,Social Sciences
S201500376,2015,0,M,0,White,VA,INST_01,State University A (Research),research,3.17,58,1997,Pre-Med,Health
S201500377,2015,0,F,0,Hispanic,NJ,INST_05,Urban University E (Research),research,3.85,32,1997,Education,Other
S201500378,2015,0,M,0,Asian,FL,INST_05,Urban University E (Research),research,2.71,30,1997,Education,Other
S201500379,2015,1,M,0,White,GA,INST_02,State University B (Research),research,2.67,55,1997,History,Humanities
S201500380,2015,1,M,0,White,FL,INST_01,State University A (Research),research,3.3,52,1997,Marketing,Business
S201500381,2015,0,F,0,White,MI,INST_03,Regional College C (Teaching),teaching,2.39,57,1997,Public Health,Health
S201500382,2015,1,M,1,Hispanic,MI,INST_04,Regional College D (Teaching),teaching,3.41,40,1997,Public Health,Health
S201500383,2015,1,F,0,White,IL,INST_05,Urban University E (Research),research,2.55,75,1997,Economics,Social Sciences
S201500384,2015,0,F,0,White,OH,INST_03,Regional College C (Teaching),teaching,2.43,96,1997,Spanish,Humanities
S201500385,2015,1,F,0,Multi,NC,INST_04,Regional College D (Teaching),teaching,4.0,34,1997,Anthropology,Social Sciences
S201500386,2015,0,M,1,White,GA,INST_01,State University A (Research),research,3.38,66,1997,Economics,Social Sciences
S201500387,2015,0,M,0,Hispanic,NC,INST_05,Urban University E (Research),research,3.45,44,1997,Economics,Social Sciences
S201500388,2015,0,M,0,Asian,PA,INST_01,State University A (Research),research,3.95,69,1997,Economics-Bus,Business
S201500389,2015,0,M,1,White,CA,INST_02,State University B (Research),research,3.65,58,1997,Mathematics,STEM
S201500390,2015,1,M,0,Hispanic,VA,INST_02,State University B (Research),research,2.87,44,1997,Sociology,Social Sciences
S201500391,2015,0,M,1,White,VA,INST_03,Regional College C (Teaching),teaching,3.05,82,1997,Nursing,Health
S201500392,2015,1,F,1,Asian,NY,INST_05,Urban University E (Research),research,2.75,34,1997,Kinesiology,Health
S201500393,2015,1,M,0,White,TX,INST_05,Urban University E (Research),research,3.41,70,1997,Economics-Bus,Business
S201500394,2015,0,F,0,White,IL,INST_03,Regional College C (Teaching),teaching,2.64,31,1997,Anthropology,Social Sciences
S201500395,2015,1,M,1,White,PA,INST_04,Regional College D (Teaching),teaching,2.68,15,1997,Finance,Business
S201500396,2015,0,M,0,White,NY,INST_04,Regional College D (Teaching),teaching,3.66,85,1997,Mathematics,STEM
S201500397,2015,0,M,1,Hispanic,PA,INST_03,Regional College C (Teaching),teaching,2.96,56,1997,General Studies,Other
S201500398,2015,0,M,0,Black,VA,INST_02,State University B (Research),research,3.0,52,1997,Anthropology,Social Sciences
S201500399,2015,1,F,0,White,NJ,INST_04,Regional College D (Teaching),teaching,3.68,76,1996,Marketing,Business
S201500400,2015,0,M,1,Hispanic,GA,INST_05,Urban University E (Research),research,3.13,60,1997,Statistics,STEM
S201500401,2015,1,F,0,Asian,NJ,INST_03,Regional College C (Teaching),teaching,3.06,72,1997,Nursing,Health
S201500402,2015,0,M,0,White,OH,INST_04,Regional College D (Teaching),teaching,3.06,49,1997,Nursing,Health
S201500403,2015,0,F,1,White,FL,INST_01,State University A (Research),research,2.95,45,1997,Public Health,Health
S201500404,2015,1,M,1,Black,NC,INST_02,State University B (Research),research,3.22,53,1997,Art History,Humanities
S201500405,2015,0,F,0,White,NJ,INST_05,Urban University E (Research),research,3.13,34,1997,English,Humanities
S201500406,2015,1,M,0,White,NY,INST_01,State University A (Research),research,2.57,3,1997,Computer Science,STEM
S201500407,2015,0,M,1,White,VA,INST_02,State University B (Research),research,3.11,34,1997,Spanish,Humanities
S201500408,2015,0,M,1,White,VA,INST_03,Regional College C (Teaching),teaching,2.57,77,1997,Public Health,Health
S201500409,2015,1,M,1,Asian,CA,INST_03,Regional College C (Teaching),teaching,2.91,37,1997,Statistics,STEM
S201500410,2015,0,M,0,White,CA,INST_05,Urban University E (Research),research,3.01,51,1997,Biomedical Engineering,STEM
S201500411,2015,0,M,1,Hispanic,NC,INST_02,State University B (Research),research,2.28,25,1997,Electrical Engineering,STEM
S201500412,2015,0,F,0,White,NJ,INST_05,Urban University E (Research),research,2.94,62,1997,Economics,Social Sciences
S201500413,2015,0,M,0,Multi,VA,INST_04,Regional College D (Teaching),teaching,3.04,87,1997,Economics-Bus,Business
S201500414,2015,0,M,0,White,NC,INST_04,Regional College D (Teaching),teaching,3.77,70,1997,Chemistry,STEM
S201500415,2015,1,F,0,Black,IL,INST_04,Regional College D (Teaching),teaching,3.64,82,1997,Philosophy,Humanities
S201500416,2015,0,F,0,Hispanic,TX,INST_05,Urban University E (Research),research,3.12,38,1997,Marketing,Business
S201500417,2015,0,M,0,Asian,NY,INST_03,Regional College C (Teaching),teaching,3.33,37,1997,Mechanical Engineering,STEM
S201500418,2015,0,F,0,White,TX,INST_04,Regional College D (Teaching),teaching,3.75,19,1997,Nursing,Health
S201500419,2015,1,M,1,White,CA,INST_05,Urban University E (Research),research,3.31,42,1997,Pre-Med,Health
S201500420,2015,0,M,0,White,MI,INST_05,Urban University E (Research),research,2.84,56,1997,Physics,STEM
S201500421,2015,0,M,0,Black,IL,INST_01,State University A (Research),research,3.09,81,1997,Undeclared,Other
S201500422,2015,1,M,0,White,OH,INST_02,State University B (Research),research,2.96,40,1997,Psychology,Social Sciences
S201500423,2015,0,F,0,White,OH,INST_03,Regional College C (Teaching),teaching,2.98,42,1997,Computer Science,STEM
S201500424,2015,0,M,0,Hispanic,NJ,INST_03,Regional College C (Teaching),teaching,3.4,54,1997,Kinesiology,Health
S201500425,2015,0,F,1,White,NC,INST_03,Regional College C (Teaching),teaching,3.84,56,1997,Electrical Engineering,STEM
S201500426,2015,1,F,0,Asian,CA,INST_02,State University B (Research),research,2.98,28,1997,Chemistry,STEM
S201500427,2015,1,M,1,White,NY,INST_02,State University B (Research),research,2.69,27,1997,Statistics,STEM
S201500428,2015,0,M,0,White,NY,INST_01,State University A (Research),research,3.03,74,1997,Psychology,Social Sciences
S201500429,2015,0,M,0,White,NJ,INST_01,State University A (Research),research,2.78,55,1997,Economics-Bus,Business
S201500430,2015,0,F,0,White,GA,INST_03,Regional College C (Teaching),teaching,2.72,84,1997,Anthropology,Social Sciences
S201500431,2015,0,F,0,White,MI,INST_02,State University B (Research),research,2.64,25,1997,Computer Science,STEM
S201500432,2015,1,F,1,Black,PA,INST_04,Regional College D (Teaching),teaching,4.0,49,1997,Electrical Engineering,STEM
S201500433,2015,0,F,0,Hispanic,OH,INST_05,Urban University E (Research),research,2.67,46,1997,Physics,STEM
S201500434,2015,0,M,0,Hispanic,NJ,INST_05,Urban University E (Research),research,3.26,52,1997,Computer Science,STEM
S201500435,2015,0,F,0,White,NJ,INST_05,Urban University E (Research),research,3.1,3,1997,Education,Other
S201500436,2015,0,M,1,Hispanic,NJ,INST_01,State University A (Research),research,2.49,54,1997,Pre-Med,Health
S201500437,2015,0,F,0,Black,TX,INST_03,Regional College C (Teaching),teaching,3.61,81,1997,Economics-Bus,Business
S201500438,2015,0,M,0,White,FL,INST_04,Regional College D (Teaching),teaching,2.93,47,1997,Finance,Business
S201500439,2015,1,M,0,Black,TX,INST_05,Urban University E (Research),research,3.13,35,1997,Accounting,Business
S201500440,2015,0,F,0,Black,GA,INST_03,Regional College C (Teaching),teaching,3.13,31,1997,Mathematics,STEM
S201500441,2015,1,M,1,White,PA,INST_02,State University B (Research),research,3.36,56,1997,Mathematics,STEM
S201500442,2015,0,M,0,Multi,NC,INST_03,Regional College C (Teaching),teaching,3.15,29,1997,Philosophy,Humanities
S201500443,2015,0,M,1,Hispanic,VA,INST_02,State University B (Research),research,3.62,31,1997,Economics,Social Sciences
S201500444,2015,1,F,0,White,GA,INST_04,Regional College D (Teaching),teaching,2.85,72,1997,Nursing,Health
S201500445,2015,0,F,1,Multi,PA,INST_03,Regional College C (Teaching),teaching,2.94,40,1997,Accounting,Business
S201500446,2015,0,M,0,White,NC,INST_01,State University A (Research),research,2.03,95,1997,Psychology,Social Sciences
S201500447,2015,0,M,0,White,TX,INST_03,Regional College C (Teaching),teaching,3.44,68,1997,Economics-Bus,Business
S201500448,2015,1,F,1,White,GA,INST_04,Regional College D (Teaching),teaching,2.86,45,1997,Physics,STEM
S201500449,2015,0,M,0,Hispanic,VA,INST_03,Regional College C (Teaching),teaching,3.47,66,1997,Kinesiology,Health
S201500450,2015,0,F,0,Multi,OH,INST_03,Regional College C (Teaching),teaching,2.97,58,1997,Art History,Humanities
S201500451,2015,0,F,1,Hispanic,NC,INST_03,Regional College C (Teaching),teaching,4.0,81,1997,Statistics,STEM
S201500452,2015,0,M,1,Black,GA,INST_01,State University A (Research),research,3.67,28,1997,Biology,STEM
S201500453,2015,0,F,0,White,CA,INST_01,State University A (Research),research,3.87,65,1997,Civil Engineering,STEM
S201500454,2015,1,M,0,White,GA,INST_04,Regional College D (Teaching),teaching,2.08,42,1997,Electrical Engineering,STEM
S201500455,2015,0,F,1,Black,CA,INST_04,Regional College D (Teaching),teaching,2.97,51,1997,General Studies,Other
S201500456,2015,0,M,1,Black,MI,INST_04,Regional College D (Teaching),teaching,3.86,64,1997,Biology,STEM
S201500457,2015,0,M,0,Black,VA,INST_04,Regional College D (Teaching),teaching,4.0,12,1997,Spanish,Humanities
S201500458,2015,0,M,0,White,IL,INST_01,State University A (Research),research,3.26,58,1996,Physics,STEM
S201500459,2015,1,F,1,White,GA,INST_02,State University B (Research),research,4.0,44,1997,Statistics,STEM
S201500460,2015,0,F,0,White,VA,INST_04,Regional College D (Teaching),teaching,4.0,55,1997,Undeclared,Other
S201500461,2015,1,F,0,Hispanic,NY,INST_05,Urban University E (Research),research,2.95,80,1997,Accounting,Business
S201500462,2015,1,F,0,Asian,CA,INST_05,Urban University E (Research),research,2.87,99,1997,Chemistry,STEM
S201500463,2015,0,F,0,Hispanic,OH,INST_04,Regional College D (Teaching),teaching,3.49,35,1997,General Studies,Other
S201500464,2015,1,F,1,White,NY,INST_03,Regional College C (Teaching),teaching,3.51,52,1997,Public Health,Health
S201500465,2015,1,M,1,Asian,NC,INST_04,Regional College D (Teaching),teaching,4.0,46,1997,Mathematics,STEM
S201500466,2015,0,M,0,Black,IL,INST_05,Urban University E (Research),research,2.32,29,1997,Marketing,Business
S201500467,2015,1,F,1,White,NC,INST_01,State University A (Research),research,4.0,54,1997,Accounting,Business
S201500468,2015,0,F,0,White,TX,INST_05,Urban University E (Research),research,3.99,72,1997,Biomedical Engineering,STEM
S201500469,2015,0,M,0,White,OH,INST_02,State University B (Research),research,2.15,78,1997,Electrical Engineering,STEM
S201500470,2015,1,F,1,Multi,NY,INST_01,State University A (Research),research,3.92,46,1997,Finance,Business
S201500471,2015,0,M,1,White,IL,INST_03,Regional College C (Teaching),teaching,3.5,46,1997,General Studies,Other
S201500472,2015,1,M,0,Asian,FL,INST_02,State University B (Research),research,4.0,56,1997,General Studies,Other
S201500473,2015,1,M,1,White,NY,INST_05,Urban University E (Research),research,3.3,60,1997,Political Science,Social Sciences
S201500474,2015,0,F,1,Black,MI,INST_05,Urban University E (Research),research,3.43,71,1997,Civil Engineering,STEM
S201500475,2015,0,F,0,White,MI,INST_02,State University B (Research),research,4.0,39,1997,Civil Engineering,STEM
S201500476,2015,1,F,0,White,GA,INST_01,State University A (Research),research,3.62,41,1997,Biology,STEM
S201500477,2015,0,M,1,Hispanic,OH,INST_05,Urban University E (Research),research,3.25,39,1997,Computer Science,STEM
S201500478,2015,1,M,0,Multi,CA,INST_04,Regional College D (Teaching),teaching,4.0,58,1997,History,Humanities
S201500479,2015,1,F,0,Hispanic,CA,INST_01,State University A (Research),research,3.36,74,1997,Economics-Bus,Business
S201500480,2015,1,M,1,Multi,CA,INST_01,State University A (Research),research,3.25,55,1997,Accounting,Business
S201500481,2015,0,F,0,White,FL,INST_05,Urban University E (Research),research,3.24,69,1997,Public Health,Health
S201500482,2015,1,F,0,Asian,NJ,INST_04,Regional College D (Teaching),teaching,3.6,86,1997,Statistics,STEM
S201500483,2015,1,F,0,White,NC,INST_01,State University A (Research),research,3.12,56,1997,Statistics,STEM
S201500484,2015,0,M,1,Asian,GA,INST_01,State University A (Research),research,2.68,92,1997,Biology,STEM
S201500485,2015,0,F,1,Hispanic,TX,INST_03,Regional College C (Teaching),teaching,2.94,94,1997,Undeclared,Other
S201500486,2015,0,F,0,White,FL,INST_04,Regional College D (Teaching),teaching,2.79,50,1997,Chemistry,STEM
S201500487,2015,0,M,0,Hispanic,NY,INST_05,Urban University E (Research),research,3.12,71,1997,Kinesiology,Health
S201500488,2015,0,F,0,White,PA,INST_01,State University A (Research),research,3.29,31,1996,Communications,Other
S201500489,2015,0,F,1,Black,TX,INST_01,State University A (Research),research,3.94,19,1997,Chemistry,STEM
S201500490,2015,0,M,1,White,NJ,INST_03,Regional College C (Teaching),teaching,3.8,51,1997,Computer Science,STEM
S201500491,2015,1,F,1,White,CA,INST_03,Regional College C (Teaching),teaching,2.24,71,1997,Psychology,Social Sciences
S201500492,2015,1,M,0,Black,TX,INST_01,State University A (Research),research,2.93,68,1997,Management,Business
S201500493,2015,1,M,0,Multi,NY,INST_03,Regional College C (Teaching),teaching,2.32,36,1997,Pre-Med,Health
S201500494,2015,1,F,1,White,GA,INST_03,Regional College C (Teaching),teaching,4.0,55,1997,Mathematics,STEM
S201500495,2015,0,M,0,Hispanic,MI,INST_02,State University B (Research),research,3.05,56,1997,Accounting,Business
S201500496,2015,1,M,0,White,PA,INST_02,State University B (Research),research,4.0,53,1997,Economics,Social Sciences
S201500497,2015,0,F,0,Hispanic,OH,INST_01,State University A (Research),research,3.45,54,1997,Mathematics,STEM
S201500498,2015,0,M,0,White,NY,INST_03,Regional College C (Teaching),teaching,3.43,44,1997,History,Humanities
S201500499,2015,1,F,0,White,VA,INST_02,State University B (Research),research,3.86,77,1997,Economics,Social Sciences
S201500500,2015,0,F,0,Multi,IL,INST_01,State University A (Research),research,2.73,74,1997,Civil Engineering,STEM
S201500501,2015,0,M,0,White,NJ,INST_03,Regional College C (Teaching),teaching,3.69,99,1997,Kinesiology,Health
S201500502,2015,1,M,1,White,OH,INST_05,Urban University E (Research),research,3.23,59,1997,Computer Science,STEM
S201500503,2015,0,M,0,Black,IL,INST_05,Urban University E (Research),research,2.77,49,1997,Anthropology,Social Sciences
S201500504,2015,1,F,0,Hispanic,NY,INST_05,Urban University E (Research),research,3.53,35,1997,English,Humanities
S201500505,2015,0,M,0,White,OH,INST_02,State University B (Research),research,3.44,42,1997,Chemistry,STEM
S201500506,2015,1,M,1,White,NC,INST_05,Urban University E (Research),research,2.61,46,1997,Spanish,Humanities
S201500507,2015,0,M,1,White,OH,INST_01,State University A (Research),research,3.41,51,1997,Pre-Med,Health
S201500508,2015,0,F,0,White,GA,INST_03,Regional College C (Teaching),teaching,2.41,27,1997,Mathematics,STEM
S201500509,2015,1,M,0,White,GA,INST_02,State University B (Research),research,3.18,55,1997,Statistics,STEM
S201500510,2015,1,F,1,White,TX,INST_03,Regional College C (Teaching),teaching,3.74,88,1997,Public Health,Health
S201500511,2015,1,F,0,White,IL,INST_01,State University A (Research),research,3.08,71,1997,Mechanical Engineering,STEM
S201500512,2015,0,M,1,Black,OH,INST_02,State University B (Research),research,3.57,47,1996,Nursing,Health
S201500513,2015,1,F,0,White,FL,INST_05,Urban University E (Research),research,2.96,52,1997,Mathematics,STEM
S201500514,2015,0,F,0,White,TX,INST_05,Urban University E (Research),research,3.71,38,1997,Accounting,Business
S201500515,2015,0,F,0,White,PA,INST_02,State University B (Research),research,3.2,65,1997,Psychology,Social Sciences
S201500516,2015,0,F,0,Black,PA,INST_02,State University B (Research),research,3.23,62,1997,History,Humanities
S201500517,2015,0,NB,0,White,IL,INST_04,Regional College D (Teaching),teaching,3.43,62,1997,Statistics,STEM
S201500518,2015,1,F,1,Black,PA,INST_02,State University B (Research),research,3.35,31,1997,Civil Engineering,STEM
S201500519,2015,1,M,0,White,NC,INST_05,Urban University E (Research),research,3.26,54,1997,Mechanical Engineering,STEM
S201500520,2015,1,M,0,White,IL,INST_04,Regional College D (Teaching),teaching,3.78,92,1997,Accounting,Business
S201500521,2015,0,M,0,Black,IL,INST_02,State University B (Research),research,3.11,56,1997,General Studies,Other
S201500522,2015,1,F,0,Hispanic,CA,INST_04,Regional College D (Teaching),teaching,2.04,75,1997,Civil Engineering,STEM
S201500523,2015,0,F,0,Asian,TX,INST_02,State University B (Research),research,3.25,51,1997,Biology,STEM
S201500524,2015,0,M,0,Black,IL,INST_04,Regional College D (Teaching),teaching,3.41,34,1997,Kinesiology,Health
S201500525,2015,0,F,0,White,VA,INST_02,State University B (Research),research,2.26,71,1997,Management,Business
S201500526,2015,0,F,1,White,TX,INST_02,State University B (Research),research,3.85,70,1997,Mechanical Engineering,STEM
S201500527,2015,0,F,0,White,NJ,INST_01,State University A (Research),research,3.12,55,1997,Nursing,Health
S201500528,2015,1,F,0,AIAN,IL,INST_02,State University B (Research),research,3.93,76,1997,Finance,Business
S201500529,2015,0,F,1,Hispanic,PA,INST_01,State University A (Research),research,3.4,80,1997,Public Health,Health
S201500530,2015,1,M,1,White,CA,INST_05,Urban University E (Research),research,3.57,93,1997,Education,Other
S201500531,2015,0,F,0,Black,NY,INST_03,Regional College C (Teaching),teaching,2.78,63,1997,Mathematics,STEM
S201500532,2015,0,F,0,White,CA,INST_05,Urban University E (Research),research,3.14,41,1997,Physics,STEM
S201500533,2015,1,M,0,Black,VA,INST_01,State University A (Research),research,3.16,60,1997,Management,Business
S201500534,2015,0,M,0,Black,OH,INST_01,State University A (Research),research,3.5,64,1997,Economics-Bus,Business
S201500535,2015,1,F,0,White,VA,INST_05,Urban University E (Research),research,2.81,61,1997,Economics-Bus,Business
S201500536,2015,1,M,0,White,GA,INST_03,Regional College C (Teaching),teaching,2.97,41,1997,Kinesiology,Health
S201500537,2015,1,F,1,Black,NC,INST_01,State University A (Research),research,3.55,51,1997,Education,Other
S201500538,2015,1,F,0,White,VA,INST_05,Urban University E (Research),research,3.25,80,1997,Sociology,Social Sciences
S201500539,2015,1,F,1,Asian,GA,INST_04,Regional College D (Teaching),teaching,3.03,67,1997,Chemistry,STEM
S201500540,2015,0,M,0,White,MI,INST_05,Urban University E (Research),research,2.72,70,1997,Spanish,Humanities
S201500541,2015,1,M,0,White,IL,INST_05,Urban University E (Research),research,3.31,19,1997,Art History,Humanities
S201500542,2015,0,F,0,Hispanic,TX,INST_03,Regional College C (Teaching),teaching,3.19,62,1997,Accounting,Business
S201500543,2015,0,M,0,Black,MI,INST_02,State University B (Research),research,4.0,81,1997,Kinesiology,Health
S201500544,2015,1,F,0,White,OH,INST_04,Regional College D (Teaching),teaching,2.69,54,1997,Economics-Bus,Business
S201500545,2015,0,M,1,White,NC,INST_04,Regional College D (Teaching),teaching,3.42,59,1997,Spanish,Humanities
S201500546,2015,0,F,1,Hispanic,CA,INST_01,State University A (Research),research,3.2,65,1997,Biomedical Engineering,STEM
S201500547,2015,0,F,0,White,MI,INST_02,State University B (Research),research,3.14,74,1997,Spanish,Humanities
S201500548,2015,1,M,1,Black,MI,INST_02,State University B (Research),research,2.91,85,1997,Management,Business
S201500549,2015,0,M,0,White,OH,INST_03,Regional College C (Teaching),teaching,2.9,83,1997,Accounting,Business
S201500550,2015,0,F,0,Multi,OH,INST_05,Urban University E (Research),research,2.73,44,1997,Nursing,Health
S201500551,2015,0,M,1,Asian,TX,INST_05,Urban University E (Research),research,3.12,39,1997,Accounting,Business
S201500552,2015,1,M,0,White,TX,INST_01,State University A (Research),research,2.91,66,1997,Biology,STEM
S201500553,2015,1,M,0,White,FL,INST_04,Regional College D (Teaching),teaching,2.5,73,1997,Chemistry,STEM
S201500554,2015,0,F,1,Hispanic,GA,INST_01,State University A (Research),research,2.69,58,1997,Psychology,Social Sciences
S201500555,2015,1,F,0,Hispanic,PA,INST_03,Regional College C (Teaching),teaching,2.7,44,1997,Psychology,Social Sciences
S201500556,2015,1,M,1,White,FL,INST_03,Regional College C (Teaching),teaching,3.17,62,1997,Economics-Bus,Business
S201500557,2015,0,M,1,White,NC,INST_02,State University B (Research),research,2.73,54,1997,Kinesiology,Health
S201500558,2015,0,F,0,White,CA,INST_02,State University B (Research),research,2.8,55,1997,Pre-Med,Health
S201500559,2015,1,F,0,Hispanic,NC,INST_05,Urban University E (Research),research,2.87,31,1997,Mathematics,STEM
S201500560,2015,0,F,0,Black,PA,INST_02,State University B (Research),research,2.74,48,1997,Political Science,Social Sciences
S201500561,2015,0,F,0,White,IL,INST_03,Regional College C (Teaching),teaching,3.44,66,1997,Civil Engineering,STEM
S201500562,2015,1,NB,1,White,GA,INST_02,State University B (Research),research,2.36,52,1997,Political Science,Social Sciences
S201500563,2015,0,F,1,Asian,TX,INST_05,Urban University E (Research),research,3.27,28,1997,Electrical Engineering,STEM
S201500564,2015,0,M,0,White,NY,INST_04,Regional College D (Teaching),teaching,3.1,65,1997,Statistics,STEM
S201500565,2015,0,M,0,Hispanic,NJ,INST_05,Urban University E (Research),research,3.38,40,1997,Management,Business
S201500566,2015,1,M,0,Black,NY,INST_02,State University B (Research),research,3.34,57,1997,Undeclared,Other
S201500567,2015,1,M,0,Hispanic,GA,INST_02,State University B (Research),research,3.54,53,1997,Electrical Engineering,STEM
S201500568,2015,1,F,1,White,NY,INST_05,Urban University E (Research),research,4.0,70,1997,Undeclared,Other
S201500569,2015,1,M,0,Hispanic,NC,INST_03,Regional College C (Teaching),teaching,3.85,60,1997,Psychology,Social Sciences
S201500570,2015,0,F,0,Black,CA,INST_03,Regional College C (Teaching),teaching,2.55,24,1997,Mathematics,STEM
S201500571,2015,1,F,0,Hispanic,PA,INST_02,State University B (Research),research,2.21,67,1997,Education,Other
S201500572,2015,0,M,0,White,NC,INST_05,Urban University E (Research),research,2.54,68,1997,Electrical Engineering,STEM
S201500573,2015,0,M,1,Hispanic,VA,INST_04,Regional College D (Teaching),teaching,3.19,61,1997,Mathematics,STEM
S201500574,2015,0,F,0,White,TX,INST_02,State University B (Research),research,3.24,18,1997,Public Health,Health
S201500575,2015,0,F,0,Black,VA,INST_01,State University A (Research),research,3.22,49,1997,Communications,Other
S201500576,2015,1,M,0,Hispanic,MI,INST_01,State University A (Research),research,3.05,73,1997,Kinesiology,Health
S201500577,2015,1,M,0,Hispanic,FL,INST_04,Regional College D (Teaching),teaching,3.57,42,1997,Psychology,Social Sciences
S201500578,2015,0,F,0,Asian,FL,INST_01,State University A (Research),research,2.85,63,1997,Biology,STEM
S201500579,2015,0,F,0,Hispanic,NY,INST_03,Regional College C (Teaching),teaching,2.69,29,1997,Sociology,Social Sciences
S201500580,2015,0,M,1,Hispanic,IL,INST_04,Regional College D (Teaching),teaching,3.44,57,1997,Management,Business
S201500581,2015,0,M,0,White,NC,INST_02,State University B (Research),research,3.61,58,1997,Political Science,Social Sciences
S201500582,2015,0,NB,0,White,NY,INST_04,Regional College D (Teaching),teaching,3.51,62,1997,Pre-Med,Health
S201500583,2015,0,F,0,White,PA,INST_01,State University A (Research),research,3.15,24,1997,Nursing,Health
S201500584,2015,0,F,1,Hispanic,CA,INST_02,State University B (Research),research,3.27,69,1997,Communications,Other
S201500585,2015,1,NB,0,Black,NY,INST_05,Urban University E (Research),research,2.68,55,1997,General Studies,Other
S201500586,2015,0,F,0,White,MI,INST_01,State University A (Research),research,3.29,50,1997,Electrical Engineering,STEM
S201500587,2015,1,M,0,White,NY,INST_01,State University A (Research),research,3.02,68,1997,History,Humanities
S201500588,2015,1,F,1,Hispanic,GA,INST_05,Urban University E (Research),research,2.99,28,1997,History,Humanities
S201500589,2015,1,M,0,White,VA,INST_04,Regional College D (Teaching),teaching,3.82,24,1997,Finance,Business
S201500590,2015,0,F,0,White,MI,INST_03,Regional College C (Teaching),teaching,2.96,71,1997,Public Health,Health
S201500591,2015,0,F,0,Hispanic,NY,INST_02,State University B (Research),research,2.96,85,1997,Chemistry,STEM
S201500592,2015,0,F,0,White,GA,INST_04,Regional College D (Teaching),teaching,3.28,81,1997,Computer Science,STEM
S201500593,2015,1,M,1,Hispanic,TX,INST_05,Urban University E (Research),research,4.0,79,1997,Communications,Other
S201500594,2015,0,F,0,White,NY,INST_04,Regional College D (Teaching),teaching,4.0,90,1997,Philosophy,Humanities
S201500595,2015,0,F,1,Black,NC,INST_02,State University B (Research),research,2.79,56,1997,Electrical Engineering,STEM
S201500596,2015,1,M,0,Black,MI,INST_01,State University A (Research),research,3.57,68,1997,Psychology,Social Sciences
S201500597,2015,1,F,1,Black,MI,INST_03,Regional College C (Teaching),teaching,2.53,18,1997,Management,Business
S201500598,2015,0,M,0,Multi,VA,INST_05,Urban University E (Research),research,2.41,55,1997,Nursing,Health
S201500599,2015,0,F,0,Asian,NY,INST_01,State University A (Research),research,3.7,61,1997,Communications,Other
S201500600,2015,0,M,0,White,GA,INST_05,Urban University E (Research),research,3.59,44,1997,Psychology,Social Sciences
S201500601,2015,0,M,0,White,GA,INST_03,Regional College C (Teaching),teaching,2.63,78,1997,Political Science,Social Sciences
S201500602,2015,0,M,0,Asian,CA,INST_01,State University A (Research),research,3.68,30,1997,History,Humanities
S201500603,2015,0,M,1,Black,IL,INST_04,Regional College D (Teaching),teaching,2.75,10,1997,Pre-Med,Health
S201500604,2015,0,M,1,White,NY,INST_01,State University A (Research),research,2.85,66,1997,Civil Engineering,STEM
S201500605,2015,0,M,0,White,VA,INST_05,Urban University E (Research),research,2.86,28,1997,Art History,Humanities
S201500606,2015,1,F,1,Asian,GA,INST_05,Urban University E (Research),research,2.76,71,1997,Communications,Other
S201500607,2015,0,M,1,Black,OH,INST_04,Regional College D (Teaching),teaching,3.02,76,1997,Chemistry,STEM
S201500608,2015,0,M,0,White,NJ,INST_03,Regional College C (Teaching),teaching,4.0,35,1997,Biomedical Engineering,STEM
S201500609,2015,0,F,0,White,PA,INST_01,State University A (Research),research,2.75,44,1997,Sociology,Social Sciences
S201500610,2015,1,F,0,Asian,GA,INST_03,Regional College C (Teaching),teaching,2.61,60,1997,Pre-Med,Health
S201500611,2015,0,M,1,Asian,VA,INST_05,Urban University E (Research),research,3.5,79,1997,Accounting,Business
S201500612,2015,0,M,0,White,OH,INST_05,Urban University E (Research),research,2.89,40,1997,Civil Engineering,STEM
S201500613,2015,1,M,1,Hispanic,FL,INST_05,Urban University E (Research),research,2.97,52,1997,General Studies,Other
S201500614,2015,0,M,0,White,GA,INST_01,State University A (Research),research,3.55,12,1997,Kinesiology,Health
S201500615,2015,0,M,0,White,NY,INST_01,State University A (Research),research,3.22,16,1997,Physics,STEM
S201500616,2015,1,F,0,Asian,VA,INST_04,Regional College D (Teaching),teaching,3.08,50,1997,General Studies,Other
S201500617,2015,0,F,1,Black,IL,INST_05,Urban University E (Research),research,3.23,44,1997,Kinesiology,Health
S201500618,2015,0,F,0,White,NY,INST_04,Regional College D (Teaching),teaching,3.94,44,1997,Economics-Bus,Business
S201500619,2015,1,F,0,Hispanic,MI,INST_05,Urban University E (Research),research,3.24,29,1997,Biology,STEM
S201500620,2015,0,F,0,White,OH,INST_03,Regional College C (Teaching),teaching,3.09,47,1997,Economics,Social Sciences
S201500621,2015,0,F,0,White,NC,INST_01,State University A (Research),research,2.15,58,1997,Biology,STEM
S201500622,2015,1,F,0,Asian,GA,INST_04,Regional College D (Teaching),teaching,3.42,72,1997,Mathematics,STEM
S201500623,2015,0,F,1,Black,GA,INST_02,State University B (Research),research,3.49,22,1997,Economics-Bus,Business
S201500624,2015,0,F,1,Hispanic,VA,INST_05,Urban University E (Research),research,3.54,39,1997,Statistics,STEM
S201500625,2015,1,M,1,Asian,PA,INST_03,Regional College C (Teaching),teaching,2.64,33,1997,Communications,Other
S201500626,2015,0,F,0,White,GA,INST_02,State University B (Research),research,3.15,73,1997,Nursing,Health
S201500627,2015,0,M,0,White,FL,INST_03,Regional College C (Teaching),teaching,3.1,27,1997,Statistics,STEM
S201500628,2015,0,F,0,White,OH,INST_03,Regional College C (Teaching),teaching,3.02,85,1997,Political Science,Social Sciences
S201500629,2015,0,M,0,Hispanic,CA,INST_05,Urban University E (Research),research,3.65,65,1997,Psychology,Social Sciences
S201500630,2015,1,M,1,Black,NC,INST_01,State University A (Research),research,2.7,38,1997,Political Science,Social Sciences
S201500631,2015,0,M,0,White,IL,INST_05,Urban University E (Research),research,3.44,37,1997,Electrical Engineering,STEM
S201500632,2015,0,F,1,White,GA,INST_05,Urban University E (Research),research,2.87,51,1997,Finance,Business
S201500633,2015,1,M,1,White,IL,INST_04,Regional College D (Teaching),teaching,3.64,57,1997,Sociology,Social Sciences
S201500634,2015,0,M,1,Hispanic,NC,INST_04,Regional College D (Teaching),teaching,3.29,73,1997,History,Humanities
S201500635,2015,1,M,0,White,IL,INST_01,State University A (Research),research,4.0,37,1997,Psychology,Social Sciences
S201500636,2015,1,M,1,White,TX,INST_05,Urban University E (Research),research,3.56,47,1997,Management,Business
S201500637,2015,0,F,0,Unknown,NJ,INST_04,Regional College D (Teaching),teaching,3.36,44,1997,History,Humanities
S201500638,2015,0,F,0,White,VA,INST_01,State University A (Research),research,3.42,69,1997,General Studies,Other
S201500639,2015,0,F,1,Hispanic,GA,INST_05,Urban University E (Research),research,2.73,48,1997,Nursing,Health
S201500640,2015,0,M,0,Asian,TX,INST_01,State University A (Research),research,2.69,26,1997,Pre-Med,Health
S201500641,2015,0,M,0,Black,FL,INST_05,Urban University E (Research),research,3.46,40,1997,Undeclared,Other
S201500642,2015,1,M,0,Hispanic,IL,INST_01,State University A (Research),research,2.91,52,1997,Political Science,Social Sciences
S201500643,2015,0,M,0,White,TX,INST_05,Urban University E (Research),research,3.34,9,1997,Marketing,Business
S201500644,2015,0,F,0,White,VA,INST_03,Regional College C (Teaching),teaching,2.91,37,1997,Public Health,Health
S201500645,2015,0,M,1,White,VA,INST_04,Regional College D (Teaching),teaching,3.54,37,1997,Mechanical Engineering,STEM
S201500646,2015,1,F,0,Hispanic,FL,INST_02,State University B (Research),research,3.0,42,1997,Political Science,Social Sciences
S201500647,2015,1,M,0,Hispanic,CA,INST_01,State University A (Research),research,3.25,61,1997,Economics,Social Sciences
S201500648,2015,0,F,1,Black,MI,INST_03,Regional College C (Teaching),teaching,3.2,44,1997,Economics,Social Sciences
S201500649,2015,1,F,0,White,NC,INST_01,State University A (Research),research,3.52,94,1997,Art History,Humanities
S201500650,2015,1,M,0,White,NJ,INST_03,Regional College C (Teaching),teaching,3.09,31,1997,Nursing,Health
S201500651,2015,0,M,0,Asian,NY,INST_03,Regional College C (Teaching),teaching,2.49,58,1997,Communications,Other
S201500652,2015,0,F,0,White,NJ,INST_04,Regional College D (Teaching),teaching,2.46,55,1997,Public Health,Health
S201500653,2015,1,M,1,White,FL,INST_04,Regional College D (Teaching),teaching,2.6,59,1997,Political Science,Social Sciences
S201500654,2015,0,F,0,White,FL,INST_05,Urban University E (Research),research,3.55,55,1997,Statistics,STEM
S201500655,2015,0,M,0,White,TX,INST_05,Urban University E (Research),research,3.62,92,1997,Statistics,STEM
S201500656,2015,0,M,0,White,NC,INST_02,State University B (Research),research,3.42,61,1997,Electrical Engineering,STEM
S201500657,2015,1,M,0,Black,TX,INST_02,State University B (Research),research,3.71,56,1997,Management,Business
S201500658,2015,0,M,0,Multi,GA,INST_03,Regional College C (Teaching),teaching,3.49,78,1997,Finance,Business
S201500659,2015,1,F,0,Hispanic,CA,INST_03,Regional College C (Teaching),teaching,3.79,57,1997,Undeclared,Other
S201500660,2015,0,M,1,Black,TX,INST_01,State University A (Research),research,3.54,62,1997,Computer Science,STEM
S201500661,2015,0,M,0,Hispanic,NC,INST_05,Urban University E (Research),research,3.13,70,1997,Economics,Social Sciences
S201500662,2015,1,M,1,White,TX,INST_01,State University A (Research),research,3.26,85,1997,Nursing,Health
S201500663,2015,0,F,1,White,VA,INST_03,Regional College C (Teaching),teaching,3.77,73,1997,Accounting,Business
S201500664,2015,1,M,0,White,VA,INST_04,Regional College D (Teaching),teaching,3.74,50,1997,Management,Business
S201500665,2015,1,F,0,White,NY,INST_04,Regional College D (Teaching),teaching,3.55,62,1997,Education,Other
S201500666,2015,0,F,1,Hispanic,TX,INST_04,Regional College D (Teaching),teaching,3.43,46,1997,Finance,Business
S201500667,2015,0,F,0,White,PA,INST_05,Urban University E (Research),research,2.75,39,1997,Chemistry,STEM
S201500668,2015,0,F,1,Black,NY,INST_05,Urban University E (Research),research,3.12,64,1997,Electrical Engineering,STEM
S201500669,2015,1,M,1,White,IL,INST_02,State University B (Research),research,2.56,50,1997,Economics,Social Sciences
S201500670,2015,0,M,0,Hispanic,OH,INST_01,State University A (Research),research,3.4,85,1997,General Studies,Other
S201500671,2015,0,F,1,White,PA,INST_04,Regional College D (Teaching),teaching,2.75,37,1997,Political Science,Social Sciences
S201500672,2015,0,F,1,White,FL,INST_04,Regional College D (Teaching),teaching,3.71,22,1997,Civil Engineering,STEM
S201500673,2015,0,M,1,White,NJ,INST_01,State University A (Research),research,3.12,39,1997,History,Humanities
S201500674,2015,1,F,0,White,NY,INST_02,State University B (Research),research,3.97,53,1997,Economics-Bus,Business
S201500675,2015,0,F,0,White,VA,INST_03,Regional College C (Teaching),teaching,3.55,67,1997,Physics,STEM
S201500676,2015,0,M,0,White,FL,INST_02,State University B (Research),research,4.0,48,1997,Kinesiology,Health
S201500677,2015,1,M,0,White,OH,INST_02,State University B (Research),research,3.24,59,1997,Economics-Bus,Business
S201500678,2015,0,M,1,White,OH,INST_04,Regional College D (Teaching),teaching,2.16,31,1997,Finance,Business
S201500679,2015,1,F,0,Asian,GA,INST_05,Urban University E (Research),research,3.72,43,1997,Psychology,Social Sciences
S201500680,2015,1,F,1,Hispanic,MI,INST_05,Urban University E (Research),research,2.36,31,1997,Statistics,STEM
S201500681,2015,1,M,0,Black,PA,INST_05,Urban University E (Research),research,2.93,34,1997,Electrical Engineering,STEM
S201500682,2015,0,M,1,Black,NY,INST_04,Regional College D (Teaching),teaching,2.35,26,1997,Biomedical Engineering,STEM
S201500683,2015,0,M,0,White,PA,INST_01,State University A (Research),research,2.81,37,1997,Anthropology,Social Sciences
S201500684,2015,0,F,0,Hispanic,VA,INST_03,Regional College C (Teaching),teaching,3.27,52,1997,Communications,Other
S201500685,2015,0,M,1,White,VA,INST_01,State University A (Research),research,3.02,66,1997,Mechanical Engineering,STEM
S201500686,2015,0,M,0,Hispanic,CA,INST_03,Regional College C (Teaching),teaching,3.36,65,1997,Political Science,Social Sciences
S201500687,2015,0,F,0,White,TX,INST_04,Regional College D (Teaching),teaching,2.4,99,1997,Marketing,Business
S201500688,2015,0,F,1,Hispanic,NC,INST_04,Regional College D (Teaching),teaching,3.22,15,1997,Public Health,Health
S201500689,2015,0,M,0,Black,CA,INST_05,Urban University E (Research),research,3.37,48,1997,Physics,STEM
S201500690,2015,1,F,0,White,VA,INST_02,State University B (Research),research,3.62,74,1997,Undeclared,Other
S201500691,2015,1,F,1,White,NY,INST_02,State University B (Research),research,3.4,52,1997,Computer Science,STEM
S201500692,2015,0,M,0,Hispanic,CA,INST_03,Regional College C (Teaching),teaching,2.38,26,1997,Undeclared,Other
S201500693,2015,0,F,0,White,PA,INST_04,Regional College D (Teaching),teaching,3.52,47,1997,Accounting,Business
S201500694,2015,1,M,0,White,FL,INST_04,Regional College D (Teaching),teaching,2.95,43,1997,Chemistry,STEM
S201500695,2015,0,M,1,White,IL,INST_01,State University A (Research),research,3.48,46,1997,Spanish,Humanities
S201500696,2015,1,F,0,Multi,TX,INST_01,State University A (Research),research,3.49,41,1997,Biomedical Engineering,STEM
S201500697,2015,1,F,0,AIAN,CA,INST_02,State University B (Research),research,3.58,9,1997,Sociology,Social Sciences
S201500698,2015,1,F,1,Asian,FL,INST_02,State University B (Research),research,3.5,41,1997,Accounting,Business
S201500699,2015,0,M,1,Multi,NJ,INST_03,Regional College C (Teaching),teaching,3.79,74,1997,General Studies,Other
S201500700,2015,1,F,0,White,TX,INST_01,State University A (Research),research,3.47,73,1997,Nursing,Health
S201500701,2015,0,M,0,White,IL,INST_04,Regional College D (Teaching),teaching,3.24,48,1997,Communications,Other
S201500702,2015,0,F,0,White,VA,INST_01,State University A (Research),research,2.99,73,1997,Political Science,Social Sciences
S201500703,2015,1,F,1,Black,NC,INST_05,Urban University E (Research),research,2.78,72,1997,Management,Business
S201500704,2015,0,M,0,White,CA,INST_05,Urban University E (Research),research,3.57,66,1997,Kinesiology,Health
S201500705,2015,1,F,1,White,NJ,INST_01,State University A (Research),research,2.73,69,1997,Kinesiology,Health
S201500706,2015,0,F,0,Black,CA,INST_01,State University A (Research),research,3.62,49,1997,Management,Business
S201500707,2015,0,M,0,Black,VA,INST_03,Regional College C (Teaching),teaching,3.5,21,1997,Public Health,Health
S201500708,2015,0,M,0,Hispanic,VA,INST_05,Urban University E (Research),research,2.97,43,1997,Philosophy,Humanities
S201500709,2015,0,F,0,White,PA,INST_02,State University B (Research),research,3.25,68,1997,English,Humanities
S201500710,2015,1,M,0,Asian,NC,INST_03,Regional College C (Teaching),teaching,3.92,74,1997,Chemistry,STEM
S201500711,2015,0,M,0,White,CA,INST_05,Urban University E (Research),research,3.36,49,1997,Biology,STEM
S201500712,2015,0,F,0,White,FL,INST_01,State University A (Research),research,3.2,52,1997,Mechanical Engineering,STEM
S201500713,2015,0,M,0,White,GA,INST_03,Regional College C (Teaching),teaching,3.01,30,1997,Philosophy,Humanities
S201500714,2015,1,M,1,Asian,IL,INST_02,State University B (Research),research,2.65,45,1997,Pre-Med,Health
S201500715,2015,0,F,1,White,NJ,INST_03,Regional College C (Teaching),teaching,3.59,47,1997,Statistics,STEM
S201500716,2015,0,F,1,White,IL,INST_05,Urban University E (Research),research,3.6,81,1997,Finance,Business
S201500717,2015,0,F,1,Black,NY,INST_05,Urban University E (Research),research,3.49,50,1997,Mechanical Engineering,STEM
S201500718,2015,1,F,1,White,VA,INST_02,State University B (Research),research,2.73,71,1997,Mathematics,STEM
S201500719,2015,1,F,1,Multi,MI,INST_02,State University B (Research),research,3.27,75,1997,Mathematics,STEM
S201500720,2015,0,F,0,White,NY,INST_03,Regional College C (Teaching),teaching,2.38,70,1997,Political Science,Social Sciences
S201500721,2015,0,M,0,Hispanic,NY,INST_04,Regional College D (Teaching),teaching,2.76,59,1997,Psychology,Social Sciences
S201500722,2015,0,M,1,White,NJ,INST_01,State University A (Research),research,3.88,89,1997,Psychology,Social Sciences
S201500723,2015,1,F,0,White,TX,INST_01,State University A (Research),research,3.98,52,1997,History,Humanities
S201500724,2015,0,M,0,Asian,NJ,INST_05,Urban University E (Research),research,2.69,54,1997,Anthropology,Social Sciences
S201500725,2015,1,M,1,White,TX,INST_04,Regional College D (Teaching),teaching,3.11,73,1997,Electrical Engineering,STEM
S201500726,2015,0,M,0,White,CA,INST_03,Regional College C (Teaching),teaching,3.22,56,1997,Economics,Social Sciences
S201500727,2015,0,F,1,Asian,CA,INST_04,Regional College D (Teaching),teaching,3.3,34,1997,Mechanical Engineering,STEM
S201500728,2015,0,F,0,Hispanic,TX,INST_01,State University A (Research),research,3.32,55,1997,Kinesiology,Health
S201500729,2015,0,M,0,Hispanic,VA,INST_04,Regional College D (Teaching),teaching,3.51,50,1997,Physics,STEM
S201500730,2015,0,F,0,Multi,VA,INST_03,Regional College C (Teaching),teaching,3.54,46,1997,Economics-Bus,Business
S201500731,2015,0,M,0,Asian,VA,INST_01,State University A (Research),research,3.95,50,1997,Marketing,Business
S201500732,2015,1,F,0,White,NC,INST_04,Regional College D (Teaching),teaching,2.62,59,1997,Chemistry,STEM
S201500733,2015,0,M,1,White,FL,INST_03,Regional College C (Teaching),teaching,3.5,45,1997,Nursing,Health
S201500734,2015,1,M,0,White,GA,INST_04,Regional College D (Teaching),teaching,3.84,39,1997,Political Science,Social Sciences
S201500735,2015,1,M,0,Black,MI,INST_01,State University A (Research),research,3.95,58,1997,Economics-Bus,Business
S201500736,2015,0,M,1,White,TX,INST_02,State University B (Research),research,3.74,60,1997,Mechanical Engineering,STEM
S201500737,2015,0,F,0,Hispanic,TX,INST_05,Urban University E (Research),research,3.7,41,1997,Computer Science,STEM
S201500738,2015,0,M,0,Black,PA,INST_03,Regional College C (Teaching),teaching,2.94,78,1997,Art History,Humanities
S201500739,2015,0,F,0,Hispanic,NY,INST_05,Urban University E (Research),research,2.64,38,1997,History,Humanities
S201500740,2015,1,F,1,White,PA,INST_03,Regional College C (Teaching),teaching,3.44,38,1997,Pre-Med,Health
S201500741,2015,1,M,0,White,PA,INST_03,Regional College C (Teaching),teaching,3.69,52,1997,Biology,STEM
S201500742,2015,1,M,1,White,FL,INST_04,Regional College D (Teaching),teaching,3.64,45,1997,Economics,Social Sciences
S201500743,2015,0,F,1,Asian,OH,INST_05,Urban University E (Research),research,3.0,54,1997,Physics,STEM
S201500744,2015,1,F,1,White,GA,INST_03,Regional College C (Teaching),teaching,2.72,70,1997,Accounting,Business
S201500745,2015,1,M,0,White,PA,INST_05,Urban University E (Research),research,2.86,36,1996,Accounting,Business
S201500746,2015,0,F,0,Black,MI,INST_03,Regional College C (Teaching),teaching,3.62,27,1997,Electrical Engineering,STEM
S201500747,2015,0,M,0,White,CA,INST_05,Urban University E (Research),research,3.21,17,1997,Sociology,Social Sciences
S201500748,2015,0,M,0,White,NY,INST_03,Regional College C (Teaching),teaching,2.74,54,1997,English,Humanities
S201500749,2015,1,F,0,White,NY,INST_03,Regional College C (Teaching),teaching,3.15,78,1997,Computer Science,STEM
S201500750,2015,1,F,1,White,TX,INST_05,Urban University E (Research),research,3.56,31,1997,Management,Business
S201500751,2015,1,F,0,Hispanic,PA,INST_03,Regional College C (Teaching),teaching,4.0,93,1997,Economics-Bus,Business
S201500752,2015,1,M,1,White,FL,INST_03,Regional College C (Teaching),teaching,4.0,42,1997,Economics,Social Sciences
S201500753,2015,0,M,1,White,MI,INST_01,State University A (Research),research,3.68,65,1997,Computer Science,STEM
S201500754,2015,0,F,0,White,NJ,INST_02,State University B (Research),research,3.23,30,1997,Chemistry,STEM
S201500755,2015,1,F,1,Hispanic,NY,INST_05,Urban University E (Research),research,3.01,30,1997,Accounting,Business
S201500756,2015,1,F,1,Black,IL,INST_03,Regional College C (Teaching),teaching,4.0,64,1997,Chemistry,STEM
S201500757,2015,0,M,0,White,TX,INST_02,State University B (Research),research,2.79,63,1997,History,Humanities
S201500758,2015,0,F,0,AIAN,IL,INST_03,Regional College C (Teaching),teaching,3.51,26,1997,Computer Science,STEM
S201500759,2015,1,F,1,NHPI,VA,INST_04,Regional College D (Teaching),teaching,3.86,51,1997,Pre-Med,Health
S201500760,2015,0,F,0,Unknown,FL,INST_01,State University A (Research),research,3.11,68,1997,Marketing,Business
S201500761,2015,0,M,0,White,OH,INST_02,State University B (Research),research,3.65,80,1997,Communications,Other
S201500762,2015,0,M,0,White,OH,INST_02,State University B (Research),research,3.73,70,1997,Pre-Med,Health
S201500763,2015,0,F,1,Black,TX,INST_03,Regional College C (Teaching),teaching,3.52,39,1997,Undeclared,Other
S201500764,2015,0,M,0,Black,IL,INST_01,State University A (Research),research,3.21,46,1996,Philosophy,Humanities
S201500765,2015,0,M,1,White,TX,INST_02,State University B (Research),research,3.94,51,1997,Civil Engineering,STEM
S201500766,2015,0,M,0,White,NC,INST_02,State University B (Research),research,3.5,58,1997,Undeclared,Other
S201500767,2015,1,M,0,White,IL,INST_02,State University B (Research),research,3.53,42,1997,Psychology,Social Sciences
S201500768,2015,1,F,0,Hispanic,TX,INST_02,State University B (Research),research,3.95,39,1997,Anthropology,Social Sciences
S201500769,2015,1,M,0,White,VA,INST_04,Regional College D (Teaching),teaching,3.72,69,1997,Communications,Other
S201500770,2015,0,M,0,Hispanic,CA,INST_01,State University A (Research),research,3.26,42,1997,Kinesiology,Health
S201500771,2015,1,M,0,White,NJ,INST_04,Regional College D (Teaching),teaching,3.36,44,1997,Philosophy,Humanities
S201500772,2015,1,F,1,Multi,NY,INST_03,Regional College C (Teaching),teaching,3.76,25,1997,Mathematics,STEM
S201500773,2015,0,F,0,Asian,MI,INST_05,Urban University E (Research),research,3.75,20,1997,Biomedical Engineering,STEM
S201500774,2015,1,F,0,White,OH,INST_05,Urban University E (Research),research,3.62,51,1996,Mechanical Engineering,STEM
S201500775,2015,1,F,1,Hispanic,NC,INST_02,State University B (Research),research,3.64,46,1997,Political Science,Social Sciences
S201500776,2015,0,M,0,Black,OH,INST_04,Regional College D (Teaching),teaching,3.02,95,1997,Economics,Social Sciences
S201500777,2015,0,F,0,White,NY,INST_05,Urban University E (Research),research,3.82,31,1997,Finance,Business
S201500778,2015,0,M,0,Asian,MI,INST_05,Urban University E (Research),research,3.61,41,1997,History,Humanities
S201500779,2015,0,F,0,Asian,NC,INST_02,State University B (Research),research,2.8,90,1997,Public Health,Health
S201500780,2015,0,M,0,Black,VA,INST_02,State University B (Research),research,2.95,68,1997,Economics-Bus,Business
S201500781,2015,0,F,0,White,FL,INST_03,Regional College C (Teaching),teaching,2.93,74,1997,Biomedical Engineering,STEM
S201500782,2015,1,F,0,White,MI,INST_01,State University A (Research),research,2.75,84,1997,Biology,STEM
S201500783,2015,0,M,1,White,NJ,INST_02,State University B (Research),research,3.97,65,1997,Computer Science,STEM
S201500784,2015,1,F,1,Asian,NJ,INST_04,Regional College D (Teaching),teaching,2.95,41,1997,Kinesiology,Health
S201500785,2015,0,F,0,White,GA,INST_05,Urban University E (Research),research,2.94,45,1997,Anthropology,Social Sciences
S201500786,2015,1,F,1,White,GA,INST_05,Urban University E (Research),research,2.8,81,1997,Pre-Med,Health
S201500787,2015,1,F,0,White,OH,INST_02,State University B (Research),research,2.55,23,1997,Management,Business
S201500788,2015,1,F,1,White,VA,INST_02,State University B (Research),research,3.07,27,1997,Marketing,Business
S201500789,2015,0,M,0,Black,IL,INST_04,Regional College D (Teaching),teaching,3.29,61,1997,Mathematics,STEM
S201500790,2015,0,F,0,Multi,VA,INST_01,State University A (Research),research,3.5,43,1997,Psychology,Social Sciences
S201500791,2015,0,M,0,Black,OH,INST_03,Regional College C (Teaching),teaching,3.49,74,1997,Anthropology,Social Sciences
S201500792,2015,0,M,1,Black,NJ,INST_02,State University B (Research),research,1.8,50,1997,Finance,Business
S201500793,2015,1,M,0,White,GA,INST_04,Regional College D (Teaching),teaching,2.73,41,1997,Finance,Business
S201500794,2015,0,F,0,Asian,CA,INST_03,Regional College C (Teaching),teaching,3.2,50,1997,Electrical Engineering,STEM
S201500795,2015,1,M,0,Hispanic,NC,INST_02,State University B (Research),research,4.0,60,1997,Accounting,Business
S201500796,2015,0,F,0,Multi,FL,INST_05,Urban University E (Research),research,4.0,32,1997,Kinesiology,Health
S201500797,2015,0,F,1,White,MI,INST_05,Urban University E (Research),research,3.76,63,1997,Chemistry,STEM
S201500798,2015,0,M,0,White,TX,INST_05,Urban University E (Research),research,2.53,49,1997,Civil Engineering,STEM
S201500799,2015,0,M,0,Asian,VA,INST_01,State University A (Research),research,3.14,87,1997,Biomedical Engineering,STEM
S201500800,2015,0,F,0,White,IL,INST_04,Regional College D (Teaching),teaching,3.94,15,1997,Psychology,Social Sciences
S201500801,2015,0,F,0,White,PA,INST_01,State University A (Research),research,2.37,72,1997,Civil Engineering,STEM
S201500802,2015,1,M,0,Hispanic,NJ,INST_04,Regional College D (Teaching),teaching,2.94,22,1997,Finance,Business
S201500803,2015,0,F,0,White,TX,INST_05,Urban University E (Research),research,3.55,33,1997,Electrical Engineering,STEM
S201500804,2015,0,M,0,White,NY,INST_04,Regional College D (Teaching),teaching,2.67,66,1997,Kinesiology,Health
S201500805,2015,1,F,1,White,TX,INST_03,Regional College C (Teaching),teaching,2.8,56,1997,Finance,Business
S201500806,2015,0,F,0,Black,NC,INST_03,Regional College C (Teaching),teaching,3.54,40,1997,Art History,Humanities
S201500807,2015,1,F,0,Asian,CA,INST_03,Regional College C (Teaching),teaching,2.91,47,1997,Statistics,STEM
S201500808,2015,0,M,1,White,FL,INST_01,State University A (Research),research,3.13,78,1997,Pre-Med,Health
S201500809,2015,0,F,1,White,NJ,INST_04,Regional College D (Teaching),teaching,2.1,69,1997,Civil Engineering,STEM
S201500810,2015,0,M,1,White,NJ,INST_01,State University A (Research),research,3.46,86,1997,History,Humanities
S201500811,2015,0,F,1,White,PA,INST_04,Regional College D (Teaching),teaching,3.08,30,1997,Marketing,Business
S201500812,2015,0,F,0,Hispanic,GA,INST_02,State University B (Research),research,3.81,52,1997,Philosophy,Humanities
S201500813,2015,0,F,0,Hispanic,PA,INST_04,Regional College D (Teaching),teaching,2.67,41,1997,Education,Other
S201500814,2015,0,F,0,Black,VA,INST_01,State University A (Research),research,2.94,55,1997,Kinesiology,Health
S201500815,2015,0,M,0,White,CA,INST_03,Regional College C (Teaching),teaching,2.65,50,1997,Economics,Social Sciences
S201500816,2015,1,F,0,Asian,OH,INST_04,Regional College D (Teaching),teaching,3.92,33,1997,Physics,STEM
S201500817,2015,0,M,0,White,VA,INST_01,State University A (Research),research,3.07,51,1997,Public Health,Health
S201500818,2015,0,F,1,Hispanic,VA,INST_04,Regional College D (Teaching),teaching,2.73,4,1997,Political Science,Social Sciences
S201500819,2015,0,M,0,White,PA,INST_03,Regional College C (Teaching),teaching,2.85,74,1997,Biology,STEM
S201500820,2015,0,M,1,White,MI,INST_02,State University B (Research),research,2.89,66,1997,Undeclared,Other
S201500821,2015,1,F,0,Black,GA,INST_02,State University B (Research),research,3.53,50,1997,Electrical Engineering,STEM
S201500822,2015,1,M,1,Asian,VA,INST_01,State University A (Research),research,3.35,3,1997,Kinesiology,Health
S201500823,2015,0,F,0,White,NJ,INST_04,Regional College D (Teaching),teaching,3.57,56,1997,Anthropology,Social Sciences
S201500824,2015,1,F,0,White,NY,INST_01,State University A (Research),research,2.86,32,1997,Political Science,Social Sciences
S201500825,2015,1,F,0,Hispanic,CA,INST_01,State University A (Research),research,3.35,71,1997,Communications,Other
S201500826,2015,0,F,0,Hispanic,GA,INST_01,State University A (Research),research,2.37,51,1997,General Studies,Other
S201500827,2015,0,M,0,Hispanic,IL,INST_01,State University A (Research),research,3.08,52,1997,Psychology,Social Sciences
S201500828,2015,1,M,0,White,CA,INST_04,Regional College D (Teaching),teaching,3.42,33,1997,Accounting,Business
S201500829,2015,1,F,0,White,NJ,INST_03,Regional College C (Teaching),teaching,3.66,60,1997,Nursing,Health
S201500830,2015,0,F,1,White,TX,INST_05,Urban University E (Research),research,3.43,65,1997,Spanish,Humanities
S201500831,2015,0,M,0,Hispanic,CA,INST_03,Regional College C (Teaching),teaching,3.06,74,1997,Mechanical Engineering,STEM
S201500832,2015,0,M,0,Black,VA,INST_03,Regional College C (Teaching),teaching,2.99,45,1997,Mathematics,STEM
S201500833,2015,1,M,0,Black,NC,INST_05,Urban University E (Research),research,3.34,87,1997,Art History,Humanities
S201500834,2015,0,M,0,Black,TX,INST_04,Regional College D (Teaching),teaching,4.0,55,1997,Nursing,Health
S201500835,2015,1,M,0,White,MI,INST_02,State University B (Research),research,2.81,28,1997,Statistics,STEM
S201500836,2015,0,F,0,Hispanic,VA,INST_04,Regional College D (Teaching),teaching,3.27,56,1997,Kinesiology,Health
S201500837,2015,1,M,0,Black,NJ,INST_02,State University B (Research),research,3.73,71,1997,Computer Science,STEM
S201500838,2015,0,M,1,White,NY,INST_04,Regional College D (Teaching),teaching,3.18,3,1997,Civil Engineering,STEM
S201500839,2015,0,M,1,White,GA,INST_01,State University A (Research),research,2.8,58,1997,Kinesiology,Health
S201500840,2015,0,M,1,White,NJ,INST_01,State University A (Research),research,2.88,61,1997,Chemistry,STEM
S201500841,2015,1,F,0,AIAN,TX,INST_05,Urban University E (Research),research,4.0,31,1997,Public Health,Health
S201500842,2015,1,M,0,Black,VA,INST_02,State University B (Research),research,2.78,75,1997,Chemistry,STEM
S201500843,2015,0,M,0,AIAN,IL,INST_04,Regional College D (Teaching),teaching,3.49,57,1997,Physics,STEM
S201500844,2015,0,M,1,White,NC,INST_05,Urban University E (Research),research,2.73,60,1996,Pre-Med,Health
S201500845,2015,0,M,0,Asian,VA,INST_04,Regional College D (Teaching),teaching,3.24,40,1997,Economics-Bus,Business
S201500846,2015,0,F,0,Hispanic,FL,INST_02,State University B (Research),research,3.39,29,1997,Chemistry,STEM
S201500847,2015,1,NB,0,Asian,MI,INST_04,Regional College D (Teaching),teaching,2.8,56,1997,Political Science,Social Sciences
S201500848,2015,0,F,0,Unknown,GA,INST_01,State University A (Research),research,3.21,45,1997,Kinesiology,Health
S201500849,2015,0,F,0,Asian,NC,INST_03,Regional College C (Teaching),teaching,3.0,66,1997,Psychology,Social Sciences
S201500850,2015,0,F,1,AIAN,NJ,INST_03,Regional College C (Teaching),teaching,3.06,46,1997,Finance,Business
S201500851,2015,1,F,1,Multi,NJ,INST_03,Regional College C (Teaching),teaching,3.1,27,1997,Public Health,Health
S201500852,2015,0,M,0,White,TX,INST_05,Urban University E (Research),research,3.09,25,1997,Mechanical Engineering,STEM
S201500853,2015,0,M,1,White,GA,INST_05,Urban University E (Research),research,3.49,59,1997,Biomedical Engineering,STEM
S201500854,2015,0,F,0,Hispanic,NY,INST_01,State University A (Research),research,4.0,49,1997,Management,Business
S201500855,2015,1,F,0,Asian,GA,INST_03,Regional College C (Teaching),teaching,2.68,14,1997,Management,Business
S201500856,2015,1,M,0,Hispanic,TX,INST_02,State University B (Research),research,3.51,44,1997,Economics,Social Sciences
S201500857,2015,0,M,1,Black,NC,INST_05,Urban University E (Research),research,3.35,48,1997,Anthropology,Social Sciences
S201500858,2015,1,F,0,Black,GA,INST_04,Regional College D (Teaching),teaching,3.57,56,1997,Management,Business
S201500859,2015,0,M,1,Hispanic,OH,INST_05,Urban University E (Research),research,3.75,45,1997,Anthropology,Social Sciences
S201500860,2015,1,F,1,White,MI,INST_04,Regional College D (Teaching),teaching,3.72,31,1997,Chemistry,STEM
S201500861,2015,0,F,0,White,CA,INST_05,Urban University E (Research),research,3.71,74,1997,Computer Science,STEM
S201500862,2015,0,M,0,Asian,NJ,INST_03,Regional College C (Teaching),teaching,3.0,30,1997,Biology,STEM
S201500863,2015,1,M,0,Black,TX,INST_05,Urban University E (Research),research,3.28,13,1997,Marketing,Business
S201500864,2015,0,F,0,White,IL,INST_04,Regional College D (Teaching),teaching,3.0,58,1997,Chemistry,STEM
S201500865,2015,0,M,1,White,NJ,INST_04,Regional College D (Teaching),teaching,3.53,50,1997,Marketing,Business
S201500866,2015,0,M,0,Black,NC,INST_01,State University A (Research),research,3.14,61,1996,Mathematics,STEM
S201500867,2015,0,M,0,Black,CA,INST_03,Regional College C (Teaching),teaching,2.81,50,1997,Economics,Social Sciences
S201500868,2015,1,F,0,Hispanic,MI,INST_04,Regional College D (Teaching),teaching,3.41,53,1997,Chemistry,STEM
S201500869,2015,0,F,0,White,FL,INST_03,Regional College C (Teaching),teaching,3.52,99,1997,Physics,STEM
S201500870,2015,0,M,1,White,IL,INST_01,State University A (Research),research,3.17,35,1997,Anthropology,Social Sciences
S201500871,2015,1,F,0,Hispanic,FL,INST_01,State University A (Research),research,3.11,57,1997,Chemistry,STEM
S201500872,2015,0,F,0,White,CA,INST_01,State University A (Research),research,3.43,63,1997,Marketing,Business
S201500873,2015,0,F,1,White,NC,INST_02,State University B (Research),research,2.59,40,1997,Pre-Med,Health
S201500874,2015,0,F,0,White,MI,INST_03,Regional College C (Teaching),teaching,3.34,69,1997,Philosophy,Humanities
S201500875,2015,0,F,0,Hispanic,GA,INST_04,Regional College D (Teaching),teaching,3.32,71,1997,Management,Business
S201500876,2015,0,M,1,White,NY,INST_03,Regional College C (Teaching),teaching,3.77,64,1997,Art History,Humanities
S201500877,2015,0,F,0,White,IL,INST_05,Urban University E (Research),research,2.35,35,1997,Political Science,Social Sciences
S201500878,2015,0,F,0,Hispanic,MI,INST_04,Regional College D (Teaching),teaching,3.34,41,1997,General Studies,Other
S201500879,2015,0,F,1,White,OH,INST_05,Urban University E (Research),research,3.8,55,1997,Kinesiology,Health
S201500880,2015,0,M,0,White,NJ,INST_05,Urban University E (Research),research,2.32,40,1997,Mechanical Engineering,STEM
S201500881,2015,0,F,0,White,GA,INST_03,Regional College C (Teaching),teaching,3.2,78,1997,Statistics,STEM
S201500882,2015,1,M,1,White,GA,INST_01,State University A (Research),research,3.13,31,1997,Electrical Engineering,STEM
S201500883,2015,0,M,0,Black,FL,INST_04,Regional College D (Teaching),teaching,4.0,76,1997,Spanish,Humanities
S201500884,2015,0,F,1,White,CA,INST_05,Urban University E (Research),research,3.23,41,1997,Biology,STEM
S201500885,2015,1,F,1,White,GA,INST_01,State University A (Research),research,3.69,27,1997,Economics,Social Sciences
S201500886,2015,1,M,0,Black,NC,INST_05,Urban University E (Research),research,2.97,33,1997,Sociology,Social Sciences
S201500887,2015,1,M,0,White,CA,INST_01,State University A (Research),research,3.11,42,1997,Art History,Humanities
S201500888,2015,1,M,0,White,GA,INST_03,Regional College C (Teaching),teaching,3.13,63,1997,Undeclared,Other
S201500889,2015,0,M,1,White,NY,INST_04,Regional College D (Teaching),teaching,2.48,34,1997,Marketing,Business
S201500890,2015,1,M,1,Asian,VA,INST_03,Regional College C (Teaching),teaching,3.64,39,1997,Statistics,STEM
S201500891,2015,0,M,0,Black,GA,INST_04,Regional College D (Teaching),teaching,3.57,55,1997,Electrical Engineering,STEM
S201500892,2015,0,F,0,Unknown,GA,INST_04,Regional College D (Teaching),teaching,3.14,63,1997,Finance,Business
S201500893,2015,0,NB,1,Black,IL,INST_01,State University A (Research),research,2.93,23,1997,Spanish,Humanities
S201500894,2015,1,M,1,Hispanic,FL,INST_03,Regional College C (Teaching),teaching,3.51,37,1997,Marketing,Business
S201500895,2015,1,F,1,White,GA,INST_04,Regional College D (Teaching),teaching,3.57,64,1997,Anthropology,Social Sciences
S201500896,2015,0,F,0,AIAN,VA,INST_05,Urban University E (Research),research,3.77,68,1997,Art History,Humanities
S201500897,2015,1,M,0,Hispanic,NC,INST_01,State University A (Research),research,2.86,51,1997,Civil Engineering,STEM
S201500898,2015,0,F,0,White,TX,INST_03,Regional College C (Teaching),teaching,3.76,58,1997,Biology,STEM
S201500899,2015,0,M,1,Black,NJ,INST_04,Regional College D (Teaching),teaching,4.0,36,1997,Economics-Bus,Business
S201500900,2015,0,M,1,White,GA,INST_02,State University B (Research),research,3.42,33,1997,Education,Other
S201500901,2015,1,M,0,White,NC,INST_05,Urban University E (Research),research,3.24,13,1997,English,Humanities
S201500902,2015,0,F,1,Black,PA,INST_01,State University A (Research),research,3.9,58,1997,Political Science,Social Sciences
S201500903,2015,1,F,1,White,NC,INST_05,Urban University E (Research),research,2.9,82,1997,Sociology,Social Sciences
S201500904,2015,0,M,0,White,NY,INST_05,Urban University E (Research),research,2.45,43,1997,Mathematics,STEM
S201500905,2015,0,M,0,White,NC,INST_05,Urban University E (Research),research,2.96,68,1997,General Studies,Other
S201500906,2015,1,M,0,White,CA,INST_04,Regional College D (Teaching),teaching,3.32,24,1997,General Studies,Other
S201500907,2015,0,F,0,Hispanic,IL,INST_03,Regional College C (Teaching),teaching,3.38,40,1997,Anthropology,Social Sciences
S201500908,2015,0,F,0,Black,MI,INST_05,Urban University E (Research),research,2.62,57,1997,Physics,STEM
S201500909,2015,0,F,0,White,FL,INST_03,Regional College C (Teaching),teaching,4.0,45,1997,Spanish,Humanities
S201500910,2015,0,F,0,Black,NJ,INST_04,Regional College D (Teaching),teaching,3.4,32,1997,Nursing,Health
S201500911,2015,0,F,0,Multi,CA,INST_04,Regional College D (Teaching),teaching,2.91,97,1997,Economics-Bus,Business
S201500912,2015,0,M,1,White,NC,INST_05,Urban University E (Research),research,3.36,36,1997,Mathematics,STEM
S201500913,2015,0,M,0,White,MI,INST_04,Regional College D (Teaching),teaching,3.5,49,1997,Sociology,Social Sciences
S201500914,2015,0,F,0,Asian,MI,INST_05,Urban University E (Research),research,2.65,59,1997,Nursing,Health
S201500915,2015,0,M,0,White,NC,INST_01,State University A (Research),research,3.64,85,1997,Economics,Social Sciences
S201500916,2015,1,M,1,White,CA,INST_05,Urban University E (Research),research,3.74,48,1997,Economics,Social Sciences
S201500917,2015,1,M,1,Hispanic,GA,INST_01,State University A (Research),research,3.38,42,1997,Philosophy,Humanities
S201500918,2015,0,F,0,Unknown,PA,INST_03,Regional College C (Teaching),teaching,3.12,39,1997,Accounting,Business
S201500919,2015,0,M,0,Asian,CA,INST_03,Regional College C (Teaching),teaching,3.25,70,1997,Spanish,Humanities
S201500920,2015,0,M,1,White,MI,INST_03,Regional College C (Teaching),teaching,3.21,65,1997,Public Health,Health
S201500921,2015,1,F,0,Hispanic,NJ,INST_01,State University A (Research),research,3.37,23,1997,Electrical Engineering,STEM
S201500922,2015,0,M,1,Hispanic,PA,INST_04,Regional College D (Teaching),teaching,3.56,61,1997,Communications,Other
S201500923,2015,1,F,0,Black,NJ,INST_03,Regional College C (Teaching),teaching,4.0,29,1997,Biology,STEM
S201500924,2015,1,M,0,Hispanic,NJ,INST_04,Regional College D (Teaching),teaching,2.96,48,1997,Education,Other
S201500925,2015,1,M,1,White,TX,INST_01,State University A (Research),research,3.1,59,1997,Mechanical Engineering,STEM
S201500926,2015,0,F,0,White,OH,INST_04,Regional College D (Teaching),teaching,3.35,33,1997,Chemistry,STEM
S201500927,2015,1,F,0,Black,NY,INST_03,Regional College C (Teaching),teaching,3.34,42,1996,General Studies,Other
S201500928,2015,1,M,0,Asian,MI,INST_02,State University B (Research),research,3.24,72,1997,Anthropology,Social Sciences
S201500929,2015,0,F,1,White,GA,INST_02,State University B (Research),research,3.18,82,1997,Biology,STEM
S201500930,2015,0,F,0,Hispanic,GA,INST_05,Urban University E (Research),research,3.87,42,1997,Anthropology,Social Sciences
S201500931,2015,0,F,0,White,GA,INST_03,Regional College C (Teaching),teaching,2.72,45,1997,General Studies,Other
S201500932,2015,0,M,0,Black,FL,INST_04,Regional College D (Teaching),teaching,3.05,41,1997,Computer Science,STEM
S201500933,2015,1,F,0,Hispanic,FL,INST_01,State University A (Research),research,3.51,48,1997,Mechanical Engineering,STEM
S201500934,2015,0,F,0,Hispanic,NY,INST_04,Regional College D (Teaching),teaching,3.76,79,1997,History,Humanities
S201500935,2015,0,M,0,White,MI,INST_02,State University B (Research),research,4.0,92,1997,Computer Science,STEM
S201500936,2015,0,M,1,Asian,MI,INST_05,Urban University E (Research),research,3.38,28,1997,Marketing,Business
S201500937,2015,0,F,0,Hispanic,PA,INST_04,Regional College D (Teaching),teaching,3.3,57,1997,Economics-Bus,Business
S201500938,2015,1,M,1,White,NC,INST_01,State University A (Research),research,3.86,91,1996,Finance,Business
S201500939,2015,0,F,0,White,IL,INST_05,Urban University E (Research),research,3.74,78,1997,Management,Business
S201500940,2015,0,M,0,White,MI,INST_04,Regional College D (Teaching),teaching,3.16,99,1997,Economics-Bus,Business
S201500941,2015,0,M,0,Multi,FL,INST_04,Regional College D (Teaching),teaching,2.8,64,1997,Art History,Humanities
S201500942,2015,0,M,0,Black,IL,INST_05,Urban University E (Research),research,2.81,8,1997,Spanish,Humanities
S201500943,2015,1,M,0,White,GA,INST_05,Urban University E (Research),research,2.77,61,1997,Political Science,Social Sciences
S201500944,2015,1,F,0,Black,OH,INST_04,Regional College D (Teaching),teaching,3.26,35,1997,General Studies,Other
S201500945,2015,0,F,0,Asian,PA,INST_01,State University A (Research),research,3.97,59,1996,Statistics,STEM
S201500946,2015,0,F,0,White,GA,INST_01,State University A (Research),research,3.43,38,1997,Political Science,Social Sciences
S201500947,2015,1,M,1,Hispanic,PA,INST_05,Urban University E (Research),research,3.88,52,1997,Anthropology,Social Sciences
S201500948,2015,0,F,0,White,CA,INST_02,State University B (Research),research,3.09,3,1997,Accounting,Business
S201500949,2015,0,M,1,Multi,PA,INST_03,Regional College C (Teaching),teaching,4.0,17,1997,Economics-Bus,Business
S201500950,2015,0,M,1,White,FL,INST_05,Urban University E (Research),research,3.98,72,1997,Art History,Humanities
S201500951,2015,0,M,1,White,TX,INST_02,State University B (Research),research,3.51,47,1997,Biomedical Engineering,STEM
S201500952,2015,0,F,0,Hispanic,PA,INST_01,State University A (Research),research,3.52,29,1997,Anthropology,Social Sciences
S201500953,2015,0,F,0,White,OH,INST_04,Regional College D (Teaching),teaching,3.04,67,1997,Chemistry,STEM
S201500954,2015,0,NB,0,White,NC,INST_03,Regional College C (Teaching),teaching,3.04,20,1997,Accounting,Business
S201500955,2015,0,M,1,Black,GA,INST_04,Regional College D (Teaching),teaching,3.66,66,1997,Economics-Bus,Business
S201500956,2015,0,F,1,Hispanic,TX,INST_05,Urban University E (Research),research,3.6,48,1997,Economics-Bus,Business
S201500957,2015,1,NB,0,Hispanic,NY,INST_05,Urban University E (Research),research,3.33,41,1997,Economics,Social Sciences
S201500958,2015,1,F,0,White,OH,INST_04,Regional College D (Teaching),teaching,3.83,41,1997,Electrical Engineering,STEM
S201500959,2015,0,F,0,Hispanic,IL,INST_02,State University B (Research),research,2.83,98,1997,Marketing,Business
S201500960,2015,0,F,1,White,PA,INST_04,Regional College D (Teaching),teaching,3.61,65,1997,Biomedical Engineering,STEM
S201500961,2015,1,F,0,White,TX,INST_05,Urban University E (Research),research,2.73,88,1997,Psychology,Social Sciences
S201500962,2015,0,M,1,White,PA,INST_04,Regional College D (Teaching),teaching,3.12,73,1997,Sociology,Social Sciences
S201500963,2015,0,F,0,Black,CA,INST_01,State University A (Research),research,3.3,14,1997,Undeclared,Other
S201500964,2015,0,F,0,Hispanic,CA,INST_04,Regional College D (Teaching),teaching,3.66,46,1997,Anthropology,Social Sciences
S201500965,2015,1,M,0,Hispanic,PA,INST_04,Regional College D (Teaching),teaching,3.24,61,1997,Anthropology,Social Sciences
S201500966,2015,0,M,1,White,TX,INST_01,State University A (Research),research,3.24,37,1997,Undeclared,Other
S201500967,2015,1,F,1,White,IL,INST_03,Regional College C (Teaching),teaching,3.57,81,1997,Anthropology,Social Sciences
S201500968,2015,0,F,0,White,NC,INST_01,State University A (Research),research,4.0,29,1997,Biology,STEM
S201500969,2015,1,M,0,White,PA,INST_03,Regional College C (Teaching),teaching,3.79,27,1997,Marketing,Business
S201500970,2015,1,F,1,White,TX,INST_04,Regional College D (Teaching),teaching,3.51,63,1997,Electrical Engineering,STEM
S201500971,2015,0,F,1,Black,VA,INST_05,Urban University E (Research),research,2.78,45,1997,Economics,Social Sciences
S201500972,2015,1,F,0,Hispanic,PA,INST_01,State University A (Research),research,4.0,45,1997,Undeclared,Other
S201500973,2015,0,M,0,NHPI,NJ,INST_02,State University B (Research),research,2.7,38,1997,Chemistry,STEM
S201500974,2015,0,M,0,White,NY,INST_02,State University B (Research),research,3.06,81,1997,General Studies,Other
S201500975,2015,0,F,1,White,NY,INST_04,Regional College D (Teaching),teaching,3.57,38,1997,Economics-Bus,Business
S201500976,2015,0,F,0,Asian,IL,INST_01,State University A (Research),research,3.57,47,1997,Accounting,Business
S201500977,2015,0,F,1,Black,NJ,INST_05,Urban University E (Research),research,3.99,3,1997,Communications,Other
S201500978,2015,0,F,1,Multi,NC,INST_01,State University A (Research),research,3.05,29,1997,Psychology,Social Sciences
S201500979,2015,1,F,0,Black,VA,INST_02,State University B (Research),research,3.17,46,1997,Nursing,Health
S201500980,2015,0,M,0,Black,MI,INST_03,Regional College C (Teaching),teaching,3.96,92,1997,Philosophy,Humanities
S201500981,2015,0,M,0,White,NY,INST_01,State University A (Research),research,3.3,63,1997,Psychology,Social Sciences
S201500982,2015,1,M,0,White,IL,INST_04,Regional College D (Teaching),teaching,3.68,66,1997,Management,Business
S201500983,2015,0,M,0,AIAN,GA,INST_02,State University B (Research),research,3.43,72,1997,Education,Other
S201500984,2015,1,M,0,White,PA,INST_04,Regional College D (Teaching),teaching,3.07,57,1997,Accounting,Business
S201500985,2015,0,M,0,White,PA,INST_04,Regional College D (Teaching),teaching,4.0,56,1997,Marketing,Business
S201500986,2015,1,F,0,Hispanic,FL,INST_04,Regional College D (Teaching),teaching,2.67,64,1997,Electrical Engineering,STEM
S201500987,2015,1,F,0,White,FL,INST_03,Regional College C (Teaching),teaching,3.09,29,1997,Chemistry,STEM
S201500988,2015,0,M,0,Black,TX,INST_01,State University A (Research),research,2.56,50,1997,Philosophy,Humanities
S201500989,2015,0,F,0,White,VA,INST_05,Urban University E (Research),research,3.37,62,1997,Civil Engineering,STEM
S201500990,2015,1,F,0,Black,NJ,INST_03,Regional College C (Teaching),teaching,3.19,52,1997,Management,Business
S201500991,2015,0,F,1,Hispanic,NC,INST_02,State University B (Research),research,2.71,60,1997,Computer Science,STEM
S201500992,2015,1,M,0,White,VA,INST_02,State University B (Research),research,3.58,36,1997,Art History,Humanities
S201500993,2015,1,F,0,White,OH,INST_05,Urban University E (Research),research,3.63,56,1997,Philosophy,Humanities
S201500994,2015,0,M,1,White,NJ,INST_05,Urban University E (Research),research,2.83,59,1997,Sociology,Social Sciences
S201500995,2015,0,F,0,Black,TX,INST_04,Regional College D (Teaching),teaching,2.65,70,1997,Biology,STEM
S201500996,2015,0,M,0,Black,TX,INST_02,State University B (Research),research,3.05,49,1997,Finance,Business
S201500997,2015,0,M,0,Black,IL,INST_01,State University A (Research),research,3.69,46,1997,Marketing,Business
S201500998,2015,1,M,0,Hispanic,GA,INST_04,Regional College D (Teaching),teaching,3.63,46,1997,Accounting,Business
S201500999,2015,0,F,1,Black,GA,INST_04,Regional College D (Teaching),teaching,3.19,24,1997,Sociology,Social Sciences
S201501000,2015,0,F,1,Hispanic,GA,INST_03,Regional College C (Teaching),teaching,2.85,20,1996,Mechanical Engineering,STEM
S201501001,2015,0,M,0,White,NC,INST_04,Regional College D (Teaching),teaching,3.26,74,1997,Computer Science,STEM
S201501002,2015,0,M,1,Multi,GA,INST_05,Urban University E (Research),research,3.42,34,1997,Nursing,Health
S201501003,2015,0,F,0,White,PA,INST_05,Urban University E (Research),research,3.41,68,1997,Chemistry,STEM
S201501004,2015,0,M,1,Black,FL,INST_04,Regional College D (Teaching),teaching,3.02,38,1997,Sociology,Social Sciences
S201501005,2015,0,F,0,Asian,CA,INST_01,State University A (Research),research,4.0,88,1997,Economics-Bus,Business
S201501006,2015,1,M,0,White,VA,INST_02,State University B (Research),research,3.75,55,1997,Nursing,Health
S201501007,2015,0,F,0,White,NC,INST_05,Urban University E (Research),research,3.54,40,1997,Mathematics,STEM
S201501008,2015,0,NB,0,Black,NY,INST_02,State University B (Research),research,3.43,61,1997,Pre-Med,Health
S201501009,2015,0,F,1,Hispanic,NC,INST_02,State University B (Research),research,3.37,93,1997,Anthropology,Social Sciences
S201501010,2015,0,F,0,White,OH,INST_03,Regional College C (Teaching),teaching,3.25,30,1997,Undeclared,Other
S201501011,2015,1,F,0,Hispanic,CA,INST_04,Regional College D (Teaching),teaching,3.44,28,1997,Psychology,Social Sciences
S201501012,2015,0,M,0,Black,NC,INST_04,Regional College D (Teaching),teaching,2.55,42,1997,Statistics,STEM
S201501013,2015,1,M,0,White,VA,INST_03,Regional College C (Teaching),teaching,3.37,57,1997,Statistics,STEM
S201501014,2015,0,F,1,White,CA,INST_05,Urban University E (Research),research,3.81,60,1997,Management,Business
S201501015,2015,0,F,0,Hispanic,NJ,INST_05,Urban University E (Research),research,3.11,44,1997,Psychology,Social Sciences
S201501016,2015,1,M,1,Hispanic,FL,INST_05,Urban University E (Research),research,3.21,65,1997,Nursing,Health
S201501017,2015,1,M,0,Hispanic,NJ,INST_04,Regional College D (Teaching),teaching,2.75,52,1997,Management,Business
S201501018,2015,0,M,0,White,NY,INST_04,Regional College D (Teaching),teaching,3.17,50,1997,Psychology,Social Sciences
S201501019,2015,1,F,0,Black,CA,INST_03,Regional College C (Teaching),teaching,2.94,6,1997,Political Science,Social Sciences
S201501020,2015,0,F,1,Unknown,CA,INST_02,State University B (Research),research,2.94,39,1997,Marketing,Business
S201501021,2015,0,F,1,White,GA,INST_03,Regional College C (Teaching),teaching,3.69,28,1997,Computer Science,STEM
S201501022,2015,1,F,0,Unknown,VA,INST_01,State University A (Research),research,2.95,67,1997,Chemistry,STEM
S201501023,2015,0,F,0,Black,NY,INST_03,Regional College C (Teaching),teaching,2.77,46,1997,Mathematics,STEM
S201501024,2015,0,F,0,Black,NY,INST_01,State University A (Research),research,2.16,57,1997,Management,Business
S201501025,2015,1,F,1,Black,TX,INST_03,Regional College C (Teaching),teaching,2.62,42,1997,Undeclared,Other
S201501026,2015,0,NB,0,White,FL,INST_02,State University B (Research),research,2.92,45,1997,Economics-Bus,Business
S201501027,2015,0,F,0,White,MI,INST_03,Regional College C (Teaching),teaching,3.01,62,1997,Psychology,Social Sciences
S201501028,2015,0,F,0,Hispanic,PA,INST_01,State University A (Research),research,3.05,11,1996,Finance,Business
S201501029,2015,0,F,0,White,MI,INST_05,Urban University E (Research),research,3.37,42,1997,Pre-Med,Health
S201501030,2015,0,M,0,Asian,NC,INST_02,State University B (Research),research,2.94,42,1997,Mechanical Engineering,STEM
S201501031,2015,0,M,0,White,NJ,INST_03,Regional College C (Teaching),teaching,2.44,42,1997,Pre-Med,Health
S201501032,2015,0,M,0,White,NY,INST_04,Regional College D (Teaching),teaching,3.43,72,1997,Statistics,STEM
S201501033,2015,0,F,0,White,FL,INST_05,Urban University E (Research),research,3.2,58,1997,Philosophy,Humanities
S201501034,2015,1,F,0,White,NJ,INST_01,State University A (Research),research,3.38,78,1997,Statistics,STEM
S201501035,2015,0,F,0,White,GA,INST_04,Regional College D (Teaching),teaching,3.2,80,1997,Marketing,Business
S201501036,2015,0,M,1,White,TX,INST_05,Urban University E (Research),research,3.37,76,1997,Communications,Other
S201501037,2015,1,M,0,White,VA,INST_03,Regional College C (Teaching),teaching,2.18,57,1997,Physics,STEM
S201501038,2015,0,M,1,Black,IL,INST_02,State University B (Research),research,3.0,35,1997,Psychology,Social Sciences
S201501039,2015,0,M,0,White,VA,INST_01,State University A (Research),research,3.05,47,1997,History,Humanities
S201501040,2015,0,M,0,White,NY,INST_03,Regional College C (Teaching),teaching,2.78,59,1997,Civil Engineering,STEM
S201501041,2015,0,M,1,Multi,TX,INST_03,Regional College C (Teaching),teaching,3.8,84,1997,Nursing,Health
S201501042,2015,0,M,0,Hispanic,GA,INST_04,Regional College D (Teaching),teaching,3.12,61,1997,Economics,Social Sciences
S201501043,2015,0,F,1,AIAN,NC,INST_05,Urban University E (Research),research,2.68,62,1997,Finance,Business
S201501044,2015,0,F,0,White,NC,INST_01,State University A (Research),research,3.72,40,1997,Sociology,Social Sciences
S201501045,2015,0,M,1,Hispanic,GA,INST_05,Urban University E (Research),research,3.22,57,1997,Public Health,Health
S201501046,2015,0,F,0,White,OH,INST_04,Regional College D (Teaching),teaching,2.74,62,1997,Education,Other
S201501047,2015,0,M,0,White,NJ,INST_03,Regional College C (Teaching),teaching,2.77,50,1997,Art History,Humanities
S201501048,2015,0,M,0,White,PA,INST_05,Urban University E (Research),research,2.81,32,1997,Biology,STEM
S201501049,2015,0,F,1,White,GA,INST_01,State University A (Research),research,2.38,51,1997,Biology,STEM
S201501050,2015,0,F,1,White,NJ,INST_05,Urban University E (Research),research,3.15,44,1997,Anthropology,Social Sciences
S201501051,2015,0,M,0,White,CA,INST_01,State University A (Research),research,4.0,16,1997,Economics-Bus,Business
S201501052,2015,1,F,0,White,VA,INST_03,Regional College C (Teaching),teaching,3.39,50,1997,Economics,Social Sciences
S201501053,2015,0,M,0,White,TX,INST_04,Regional College D (Teaching),teaching,3.59,96,1997,Finance,Business
S201501054,2015,1,M,1,White,GA,INST_05,Urban University E (Research),research,2.76,67,1997,Management,Business
S201501055,2015,1,F,1,Asian,MI,INST_02,State University B (Research),research,2.94,3,1997,History,Humanities
S201501056,2015,0,F,0,White,PA,INST_05,Urban University E (Research),research,3.39,34,1997,Electrical Engineering,STEM
S201501057,2015,1,M,0,White,NC,INST_05,Urban University E (Research),research,3.39,51,1997,Pre-Med,Health
S201501058,2015,0,M,0,Asian,NJ,INST_05,Urban University E (Research),research,2.82,44,1997,History,Humanities
S201501059,2015,0,M,0,Hispanic,VA,INST_04,Regional College D (Teaching),teaching,3.31,52,1997,Kinesiology,Health
S201501060,2015,0,M,1,White,IL,INST_01,State University A (Research),research,2.37,64,1997,Sociology,Social Sciences
S201501061,2015,0,M,0,White,TX,INST_03,Regional College C (Teaching),teaching,3.82,67,1997,Physics,STEM
S201501062,2015,1,M,0,White,CA,INST_04,Regional College D (Teaching),teaching,3.63,65,1997,Statistics,STEM
S201501063,2015,1,F,0,Hispanic,NC,INST_05,Urban University E (Research),research,3.64,97,1997,Education,Other
S201501064,2015,0,M,1,White,IL,INST_05,Urban University E (Research),research,3.92,62,1997,Economics,Social Sciences
S201501065,2015,0,F,0,White,MI,INST_02,State University B (Research),research,2.7,66,1997,Marketing,Business
S201501066,2015,0,M,0,White,CA,INST_02,State University B (Research),research,2.96,34,1997,Civil Engineering,STEM
S201501067,2015,0,F,0,White,OH,INST_02,State University B (Research),research,3.73,83,1997,Economics,Social Sciences
S201501068,2015,1,F,0,Asian,GA,INST_04,Regional College D (Teaching),teaching,3.17,50,1997,Computer Science,STEM
S201501069,2015,0,M,0,Hispanic,NC,INST_01,State University A (Research),research,2.52,56,1997,Communications,Other
S201501070,2015,0,F,0,White,TX,INST_01,State University A (Research),research,3.12,38,1997,Psychology,Social Sciences
S201501071,2015,0,F,0,Multi,PA,INST_02,State University B (Research),research,2.63,42,1997,Management,Business
S201501072,2015,1,F,1,Black,MI,INST_05,Urban University E (Research),research,2.98,59,1997,Public Health,Health
S201501073,2015,0,M,1,White,TX,INST_04,Regional College D (Teaching),teaching,3.8,64,1997,Accounting,Business
S201501074,2015,0,F,0,Asian,PA,INST_04,Regional College D (Teaching),teaching,3.89,44,1997,Public Health,Health
S201501075,2015,0,M,0,Asian,TX,INST_04,Regional College D (Teaching),teaching,2.89,61,1997,Kinesiology,Health
S201501076,2015,0,M,0,Hispanic,TX,INST_03,Regional College C (Teaching),teaching,3.39,49,1997,Mechanical Engineering,STEM
S201501077,2015,0,F,0,Black,VA,INST_03,Regional College C (Teaching),teaching,2.86,32,1997,Electrical Engineering,STEM
S201501078,2015,0,F,0,Asian,NC,INST_03,Regional College C (Teaching),teaching,2.71,75,1997,Political Science,Social Sciences
S201501079,2015,1,F,0,Hispanic,NY,INST_01,State University A (Research),research,3.12,71,1997,Accounting,Business
S201501080,2015,0,F,1,Asian,OH,INST_04,Regional College D (Teaching),teaching,3.58,41,1997,Economics,Social Sciences
S201501081,2015,0,F,0,Asian,FL,INST_01,State University A (Research),research,3.59,29,1997,Management,Business
S201501082,2015,0,F,1,White,PA,INST_05,Urban University E (Research),research,4.0,63,1997,Political Science,Social Sciences
S201501083,2015,0,M,1,White,PA,INST_01,State University A (Research),research,2.94,59,1997,Communications,Other
S201501084,2015,0,M,0,Asian,MI,INST_04,Regional College D (Teaching),teaching,3.68,54,1997,Chemistry,STEM
S201501085,2015,0,M,0,White,CA,INST_05,Urban University E (Research),research,3.66,69,1997,Political Science,Social Sciences
S201501086,2015,0,F,0,Black,NY,INST_03,Regional College C (Teaching),teaching,3.14,99,1997,Economics,Social Sciences
S201501087,2015,0,F,1,Asian,FL,INST_05,Urban University E (Research),research,2.74,30,1997,Economics,Social Sciences
S201501088,2015,1,M,0,Hispanic,TX,INST_03,Regional College C (Teaching),teaching,3.58,67,1997,Mathematics,STEM
S201501089,2015,1,M,0,Black,OH,INST_01,State University A (Research),research,3.57,67,1997,Art History,Humanities
S201501090,2015,0,M,1,Black,OH,INST_04,Regional College D (Teaching),teaching,2.88,44,1997,Psychology,Social Sciences
S201501091,2015,0,F,0,Black,TX,INST_01,State University A (Research),research,3.85,43,1997,Economics-Bus,Business
S201501092,2015,0,F,0,Hispanic,TX,INST_03,Regional College C (Teaching),teaching,3.29,82,1997,Physics,STEM
S201501093,2015,0,M,0,White,NC,INST_02,State University B (Research),research,3.08,36,1997,Pre-Med,Health
S201501094,2015,0,F,0,White,VA,INST_05,Urban University E (Research),research,3.76,40,1997,Finance,Business
S201501095,2015,1,M,1,White,GA,INST_05,Urban University E (Research),research,3.39,54,1997,Mathematics,STEM
S201501096,2015,0,M,0,NHPI,OH,INST_02,State University B (Research),research,4.0,19,1997,General Studies,Other
S201501097,2015,0,F,1,White,NJ,INST_04,Regional College D (Teaching),teaching,3.84,30,1997,Public Health,Health
S201501098,2015,0,F,0,White,IL,INST_04,Regional College D (Teaching),teaching,3.78,64,1997,Computer Science,STEM
S201501099,2015,0,M,0,Hispanic,NY,INST_01,State University A (Research),research,3.03,71,1997,Anthropology,Social Sciences
S201501100,2015,1,M,0,Hispanic,PA,INST_03,Regional College C (Teaching),teaching,2.77,75,1997,Sociology,Social Sciences
S201501101,2015,1,F,1,Black,TX,INST_05,Urban University E (Research),research,3.61,77,1997,Anthropology,Social Sciences
S201501102,2015,0,F,0,Multi,NJ,INST_02,State University B (Research),research,2.89,89,1997,Sociology,Social Sciences
S201501103,2015,0,M,0,White,FL,INST_05,Urban University E (Research),research,2.85,99,1997,Chemistry,STEM
S201501104,2015,0,M,0,Unknown,CA,INST_01,State University A (Research),research,3.87,54,1997,Finance,Business
S201501105,2015,1,F,1,Multi,CA,INST_02,State University B (Research),research,3.89,48,1997,Civil Engineering,STEM
S201501106,2015,0,F,1,Black,NJ,INST_04,Regional College D (Teaching),teaching,3.51,29,1997,General Studies,Other
S201501107,2015,0,M,1,White,NC,INST_04,Regional College D (Teaching),teaching,3.44,75,1997,Biology,STEM
S201501108,2015,0,M,1,White,NJ,INST_04,Regional College D (Teaching),teaching,3.4,46,1997,Education,Other
S201501109,2015,1,F,0,Hispanic,NY,INST_04,Regional College D (Teaching),teaching,3.58,70,1997,Communications,Other
S201501110,2015,1,M,1,Asian,PA,INST_05,Urban University E (Research),research,2.28,81,1997,Political Science,Social Sciences
S201501111,2015,0,M,1,White,NY,INST_04,Regional College D (Teaching),teaching,3.27,52,1997,Pre-Med,Health
S201501112,2015,0,M,1,Hispanic,MI,INST_02,State University B (Research),research,3.21,31,1997,Physics,STEM
S201501113,2015,0,M,0,Black,IL,INST_01,State University A (Research),research,3.43,29,1997,Statistics,STEM
S201501114,2015,0,F,0,White,NC,INST_01,State University A (Research),research,2.97,72,1997,Electrical Engineering,STEM
S201501115,2015,0,F,0,Black,CA,INST_03,Regional College C (Teaching),teaching,2.16,59,1997,Chemistry,STEM
S201501116,2015,0,M,0,Hispanic,NC,INST_05,Urban University E (Research),research,3.07,72,1997,Psychology,Social Sciences
S201501117,2015,0,M,1,Hispanic,OH,INST_02,State University B (Research),research,2.85,14,1997,Kinesiology,Health
S201501118,2015,1,F,0,Asian,PA,INST_05,Urban University E (Research),research,3.68,76,1997,Sociology,Social Sciences
S201501119,2015,0,M,1,Asian,NC,INST_03,Regional College C (Teaching),teaching,2.81,36,1997,Undeclared,Other
S201501120,2015,1,M,0,White,FL,INST_04,Regional College D (Teaching),teaching,3.04,81,1997,Civil Engineering,STEM
S201501121,2015,0,M,0,AIAN,TX,INST_04,Regional College D (Teaching),teaching,3.66,72,1997,Chemistry,STEM
S201501122,2015,1,F,0,White,OH,INST_01,State University A (Research),research,3.71,79,1997,Physics,STEM
S201501123,2015,0,F,0,White,CA,INST_05,Urban University E (Research),research,4.0,44,1997,Computer Science,STEM
S201501124,2015,0,M,0,Asian,NY,INST_04,Regional College D (Teaching),teaching,3.69,39,1997,Chemistry,STEM
S201501125,2015,1,F,0,White,IL,INST_04,Regional College D (Teaching),teaching,2.77,71,1997,Electrical Engineering,STEM
S201501126,2015,1,M,0,White,CA,INST_05,Urban University E (Research),research,3.63,49,1997,Biomedical Engineering,STEM
S201501127,2015,1,F,0,Black,TX,INST_01,State University A (Research),research,2.55,34,1997,Physics,STEM
S201501128,2015,0,F,0,White,NC,INST_02,State University B (Research),research,3.85,68,1997,Economics,Social Sciences
S201501129,2015,0,F,1,White,TX,INST_01,State University A (Research),research,3.46,71,1997,Sociology,Social Sciences
S201501130,2015,0,F,1,Hispanic,IL,INST_01,State University A (Research),research,3.23,56,1997,Finance,Business
S201501131,2015,0,M,0,White,OH,INST_03,Regional College C (Teaching),teaching,3.29,70,1997,Public Health,Health
S201501132,2015,0,F,0,Hispanic,PA,INST_02,State University B (Research),research,2.92,34,1997,Anthropology,Social Sciences
S201501133,2015,0,F,0,Black,TX,INST_02,State University B (Research),research,3.43,67,1997,Economics-Bus,Business
S201501134,2015,0,F,0,White,GA,INST_05,Urban University E (Research),research,2.75,55,1997,Mathematics,STEM
S201501135,2015,0,M,0,White,IL,INST_05,Urban University E (Research),research,2.98,51,1997,Communications,Other
S201501136,2015,0,M,0,White,PA,INST_05,Urban University E (Research),research,3.55,22,1997,Public Health,Health
S201501137,2015,1,F,1,White,MI,INST_04,Regional College D (Teaching),teaching,3.45,88,1997,Biomedical Engineering,STEM
S201501138,2015,1,M,0,Black,TX,INST_05,Urban University E (Research),research,3.33,76,1997,Philosophy,Humanities
S201501139,2015,1,M,0,Asian,IL,INST_05,Urban University E (Research),research,3.47,47,1997,Finance,Business
S201501140,2015,0,F,0,White,MI,INST_05,Urban University E (Research),research,4.0,34,1997,Nursing,Health
S201501141,2015,0,M,0,White,VA,INST_02,State University B (Research),research,3.57,79,1997,Mechanical Engineering,STEM
S201501142,2015,0,M,0,Hispanic,PA,INST_03,Regional College C (Teaching),teaching,3.86,49,1997,Biomedical Engineering,STEM
S201501143,2015,0,F,0,Hispanic,MI,INST_01,State University A (Research),research,3.04,57,1997,Political Science,Social Sciences
S201501144,2015,0,F,1,Hispanic,OH,INST_05,Urban University E (Research),research,2.83,47,1997,Economics,Social Sciences
S201501145,2015,1,F,1,White,FL,INST_01,State University A (Research),research,3.93,44,1997,Education,Other
S201501146,2015,0,F,0,Hispanic,NY,INST_02,State University B (Research),research,3.22,54,1997,Statistics,STEM
S201501147,2015,0,F,0,Asian,NJ,INST_04,Regional College D (Teaching),teaching,3.07,21,1997,Marketing,Business
S201501148,2015,0,F,0,Multi,CA,INST_03,Regional College C (Teaching),teaching,3.36,55,1997,Biology,STEM
S201501149,2015,0,M,1,Multi,NJ,INST_05,Urban University E (Research),research,3.02,40,1997,Spanish,Humanities
S201501150,2015,0,F,0,White,FL,INST_04,Regional College D (Teaching),teaching,3.45,91,1997,Public Health,Health
S201501151,2015,0,F,0,White,MI,INST_04,Regional College D (Teaching),teaching,3.09,41,1997,Management,Business
S201501152,2015,0,F,0,Asian,MI,INST_02,State University B (Research),research,3.29,56,1997,Mathematics,STEM
S201501153,2015,0,F,0,White,IL,INST_01,State University A (Research),research,1.61,99,1997,Biomedical Engineering,STEM
S201501154,2015,1,F,1,White,NC,INST_02,State University B (Research),research,3.04,54,1997,Kinesiology,Health
S201501155,2015,1,F,1,White,MI,INST_03,Regional College C (Teaching),teaching,3.26,80,1997,Mathematics,STEM
S201501156,2015,1,F,0,Multi,IL,INST_04,Regional College D (Teaching),teaching,4.0,75,1997,Computer Science,STEM
S201501157,2015,0,M,1,Unknown,VA,INST_02,State University B (Research),research,2.58,47,1997,Spanish,Humanities
S201501158,2015,0,M,0,White,FL,INST_02,State University B (Research),research,3.87,51,1996,Sociology,Social Sciences
S201501159,2015,1,M,0,White,FL,INST_04,Regional College D (Teaching),teaching,4.0,47,1997,Nursing,Health
S201501160,2015,0,F,0,Asian,FL,INST_02,State University B (Research),research,3.25,31,1997,Philosophy,Humanities
S201501161,2015,0,F,1,Hispanic,PA,INST_02,State University B (Research),research,2.68,67,1997,Computer Science,STEM
S201501162,2015,1,M,0,Black,IL,INST_04,Regional College D (Teaching),teaching,3.75,24,1997,English,Humanities
S201501163,2015,0,F,1,White,NJ,INST_05,Urban University E (Research),research,2.79,68,1997,Communications,Other
S201501164,2015,0,F,1,Asian,FL,INST_05,Urban University E (Research),research,3.51,67,1997,Nursing,Health
S201501165,2015,0,M,0,White,NJ,INST_02,State University B (Research),research,4.0,36,1997,Public Health,Health
S201501166,2015,1,M,1,Hispanic,MI,INST_02,State University B (Research),research,3.75,54,1997,Accounting,Business
S201501167,2015,1,M,0,Black,CA,INST_01,State University A (Research),research,2.39,61,1997,Marketing,Business
S201501168,2015,0,F,0,White,GA,INST_04,Regional College D (Teaching),teaching,3.7,25,1997,Economics,Social Sciences
S201501169,2015,0,F,1,White,MI,INST_03,Regional College C (Teaching),teaching,2.99,89,1997,Marketing,Business
S201501170,2015,1,F,1,White,MI,INST_05,Urban University E (Research),research,3.4,55,1997,Statistics,STEM
S201501171,2015,0,F,1,Hispanic,MI,INST_02,State University B (Research),research,2.38,71,1997,Management,Business
S201501172,2015,0,M,1,White,CA,INST_05,Urban University E (Research),research,2.95,62,1997,Psychology,Social Sciences
S201501173,2015,0,F,0,White,VA,INST_04,Regional College D (Teaching),teaching,3.56,87,1997,Electrical Engineering,STEM
S201501174,2015,1,M,0,White,TX,INST_02,State University B (Research),research,3.72,74,1997,Public Health,Health
S201501175,2015,1,M,0,White,CA,INST_03,Regional College C (Teaching),teaching,2.86,46,1997,Civil Engineering,STEM
S201501176,2015,0,F,0,Asian,PA,INST_01,State University A (Research),research,2.3,31,1997,Marketing,Business
S201501177,2015,0,M,1,Hispanic,TX,INST_03,Regional College C (Teaching),teaching,3.87,46,1997,Electrical Engineering,STEM
S201501178,2015,0,M,1,Asian,MI,INST_04,Regional College D (Teaching),teaching,3.25,88,1997,Mechanical Engineering,STEM
S201501179,2015,0,F,1,White,IL,INST_01,State University A (Research),research,3.42,44,1997,Statistics,STEM
S201501180,2015,0,M,0,White,NY,INST_05,Urban University E (Research),research,3.29,36,1997,Pre-Med,Health
S201501181,2015,0,M,1,Asian,NY,INST_04,Regional College D (Teaching),teaching,3.54,56,1996,Statistics,STEM
S201501182,2015,0,M,0,White,PA,INST_01,State University A (Research),research,3.35,57,1996,Marketing,Business
S201501183,2015,1,F,0,White,GA,INST_04,Regional College D (Teaching),teaching,3.44,87,1997,Computer Science,STEM
S201501184,2015,0,M,0,Hispanic,OH,INST_05,Urban University E (Research),research,3.13,36,1997,Biology,STEM
S201501185,2015,0,F,1,Black,CA,INST_03,Regional College C (Teaching),teaching,3.51,34,1997,Marketing,Business
S201501186,2015,0,M,0,White,CA,INST_05,Urban University E (Research),research,2.85,47,1997,Computer Science,STEM
S201501187,2015,1,M,0,White,TX,INST_03,Regional College C (Teaching),teaching,3.59,50,1997,General Studies,Other
S201501188,2015,0,F,1,Hispanic,MI,INST_04,Regional College D (Teaching),teaching,2.82,54,1997,General Studies,Other
S201501189,2015,0,F,0,White,VA,INST_04,Regional College D (Teaching),teaching,3.61,48,1997,Undeclared,Other
S201501190,2015,0,F,1,Black,VA,INST_03,Regional College C (Teaching),teaching,3.11,76,1997,Mathematics,STEM
S201501191,2015,0,M,0,Hispanic,GA,INST_02,State University B (Research),research,2.85,72,1996,Public Health,Health
S201501192,2015,1,M,0,Hispanic,IL,INST_02,State University B (Research),research,2.42,54,1997,Public Health,Health
S201501193,2015,1,M,0,Multi,IL,INST_03,Regional College C (Teaching),teaching,2.39,93,1997,Public Health,Health
S201501194,2015,1,F,0,White,TX,INST_03,Regional College C (Teaching),teaching,3.4,36,1997,Electrical Engineering,STEM
S201501195,2015,0,F,0,Hispanic,CA,INST_03,Regional College C (Teaching),teaching,3.92,44,1997,Biomedical Engineering,STEM
S201501196,2015,0,M,0,Black,VA,INST_05,Urban University E (Research),research,2.95,36,1997,Communications,Other
S201501197,2015,0,F,0,Hispanic,TX,INST_03,Regional College C (Teaching),teaching,2.3,46,1997,Finance,Business
S201501198,2015,0,F,0,Asian,OH,INST_01,State University A (Research),research,3.43,49,1997,Philosophy,Humanities
S201501199,2015,0,M,0,White,FL,INST_03,Regional College C (Teaching),teaching,2.6,72,1997,English,Humanities
S201501200,2015,1,M,0,White,IL,INST_03,Regional College C (Teaching),teaching,3.79,59,1997,Physics,STEM
S201501201,2015,1,M,0,White,PA,INST_04,Regional College D (Teaching),teaching,3.18,53,1997,Mechanical Engineering,STEM
S201501202,2015,0,F,0,Hispanic,PA,INST_04,Regional College D (Teaching),teaching,2.82,29,1997,Education,Other
S201501203,2015,1,M,0,White,GA,INST_01,State University A (Research),research,3.07,51,1997,Economics-Bus,Business
S201501204,2015,1,F,0,Hispanic,VA,INST_02,State University B (Research),research,2.4,68,1997,Biomedical Engineering,STEM
S201501205,2015,0,F,0,Black,PA,INST_04,Regional College D (Teaching),teaching,3.67,69,1997,Communications,Other
S201501206,2015,1,F,1,Black,NC,INST_03,Regional College C (Teaching),teaching,3.79,58,1997,Pre-Med,Health
S201501207,2015,0,M,1,White,NJ,INST_03,Regional College C (Teaching),teaching,2.98,44,1997,Marketing,Business
S201501208,2015,1,M,1,Unknown,IL,INST_02,State University B (Research),research,3.8,21,1997,Spanish,Humanities
S201501209,2015,1,M,0,Asian,CA,INST_04,Regional College D (Teaching),teaching,3.19,61,1997,Civil Engineering,STEM
S201501210,2015,1,M,0,White,OH,INST_02,State University B (Research),research,3.54,60,1997,Mathematics,STEM
S201501211,2015,1,F,0,Black,TX,INST_04,Regional College D (Teaching),teaching,3.64,92,1997,Public Health,Health
S201501212,2015,1,M,0,Hispanic,VA,INST_03,Regional College C (Teaching),teaching,2.47,44,1997,Electrical Engineering,STEM
S201501213,2015,1,M,0,White,PA,INST_03,Regional College C (Teaching),teaching,2.95,30,1997,Kinesiology,Health
S201501214,2015,0,F,0,White,MI,INST_02,State University B (Research),research,2.93,60,1997,Civil Engineering,STEM
S201501215,2015,0,M,0,Black,NJ,INST_02,State University B (Research),research,2.88,49,1997,Civil Engineering,STEM
S201501216,2015,0,F,1,White,GA,INST_05,Urban University E (Research),research,3.08,76,1997,Psychology,Social Sciences
S201501217,2015,1,M,1,White,VA,INST_04,Regional College D (Teaching),teaching,3.64,51,1997,Civil Engineering,STEM
S201501218,2015,0,F,1,Asian,NY,INST_03,Regional College C (Teaching),teaching,3.58,81,1997,Chemistry,STEM
S201501219,2015,0,F,0,Black,PA,INST_01,State University A (Research),research,2.48,38,1997,Nursing,Health
S201501220,2015,0,F,0,White,PA,INST_01,State University A (Research),research,3.56,87,1997,Accounting,Business
S201501221,2015,1,M,1,Multi,NC,INST_03,Regional College C (Teaching),teaching,2.94,78,1997,Communications,Other
S201501222,2015,0,F,0,White,GA,INST_03,Regional College C (Teaching),teaching,2.84,69,1997,Finance,Business
S201501223,2015,0,F,0,Asian,VA,INST_02,State University B (Research),research,2.72,71,1997,Marketing,Business
S201501224,2015,0,M,0,White,FL,INST_04,Regional College D (Teaching),teaching,3.45,74,1997,Physics,STEM
S201501225,2015,0,F,0,White,PA,INST_04,Regional College D (Teaching),teaching,3.24,59,1997,Civil Engineering,STEM
S201501226,2015,0,F,0,White,GA,INST_01,State University A (Research),research,2.82,36,1997,Statistics,STEM
S201501227,2015,0,F,0,White,NC,INST_01,State University A (Research),research,2.95,61,1997,Biology,STEM
S201501228,2015,1,M,0,Black,MI,INST_04,Regional College D (Teaching),teaching,3.3,70,1997,Economics-Bus,Business
S201501229,2015,0,F,1,White,IL,INST_02,State University B (Research),research,2.88,49,1997,Kinesiology,Health
S201501230,2015,0,F,0,White,NY,INST_04,Regional College D (Teaching),teaching,2.93,51,1997,Pre-Med,Health
S201501231,2015,1,M,0,Black,GA,INST_03,Regional College C (Teaching),teaching,3.44,47,1997,Psychology,Social Sciences
S201501232,2015,1,M,0,Hispanic,TX,INST_02,State University B (Research),research,3.53,57,1997,Psychology,Social Sciences
S201501233,2015,1,M,0,Hispanic,MI,INST_02,State University B (Research),research,3.31,56,1997,Electrical Engineering,STEM
S201501234,2015,1,F,0,Hispanic,OH,INST_04,Regional College D (Teaching),teaching,2.78,67,1997,Management,Business
S201501235,2015,0,M,0,White,PA,INST_03,Regional College C (Teaching),teaching,2.79,58,1997,Mathematics,STEM
S201501236,2015,1,F,0,White,GA,INST_04,Regional College D (Teaching),teaching,3.31,50,1996,Finance,Business
S201501237,2015,0,M,0,White,NJ,INST_04,Regional College D (Teaching),teaching,2.64,55,1997,Pre-Med,Health
S201501238,2015,0,M,0,White,IL,INST_05,Urban University E (Research),research,2.94,50,1997,Physics,STEM
S201501239,2015,0,M,0,Black,CA,INST_01,State University A (Research),research,3.7,31,1997,Marketing,Business
S201501240,2015,0,F,0,Asian,GA,INST_04,Regional College D (Teaching),teaching,3.71,20,1997,Marketing,Business
S201501241,2015,1,F,0,White,VA,INST_03,Regional College C (Teaching),teaching,2.93,65,1997,Psychology,Social Sciences
S201501242,2015,0,F,0,White,VA,INST_04,Regional College D (Teaching),teaching,3.93,30,1997,Mathematics,STEM
S201501243,2015,1,M,0,Black,NY,INST_01,State University A (Research),research,2.53,44,1997,Mathematics,STEM
S201501244,2015,0,M,1,Multi,NJ,INST_04,Regional College D (Teaching),teaching,3.77,71,1997,Art History,Humanities
S201501245,2015,0,M,0,Hispanic,TX,INST_01,State University A (Research),research,2.96,65,1997,Political Science,Social Sciences
S201501246,2015,1,F,0,Black,MI,INST_01,State University A (Research),research,3.34,68,1997,Biomedical Engineering,STEM
S201501247,2015,1,M,0,White,OH,INST_05,Urban University E (Research),research,3.54,51,1997,Economics-Bus,Business
S201501248,2015,0,F,0,White,OH,INST_05,Urban University E (Research),research,3.78,32,1997,Anthropology,Social Sciences
S201501249,2015,1,M,0,White,CA,INST_03,Regional College C (Teaching),teaching,2.44,44,1997,Finance,Business
S201501250,2015,0,F,0,Hispanic,FL,INST_01,State University A (Research),research,2.95,53,1997,Political Science,Social Sciences
S201501251,2015,0,M,1,White,IL,INST_03,Regional College C (Teaching),teaching,3.47,52,1997,Mathematics,STEM
S201501252,2015,1,M,0,Black,GA,INST_04,Regional College D (Teaching),teaching,2.43,41,1997,Mechanical Engineering,STEM
S201501253,2015,0,F,0,Hispanic,FL,INST_03,Regional College C (Teaching),teaching,3.02,44,1997,Philosophy,Humanities
S201501254,2015,0,F,0,White,IL,INST_05,Urban University E (Research),research,4.0,74,1997,Chemistry,STEM
S201501255,2015,0,M,0,White,GA,INST_03,Regional College C (Teaching),teaching,4.0,67,1997,Computer Science,STEM
S201501256,2015,0,M,1,Asian,NC,INST_01,State University A (Research),research,2.63,69,1997,Pre-Med,Health
S201501257,2015,0,F,0,White,GA,INST_04,Regional College D (Teaching),teaching,2.94,79,1997,Mechanical Engineering,STEM
S201501258,2015,1,M,0,White,VA,INST_05,Urban University E (Research),research,3.38,85,1997,Finance,Business
S201501259,2015,0,M,1,Black,GA,INST_01,State University A (Research),research,3.35,38,1997,History,Humanities
S201501260,2015,0,M,0,Unknown,NC,INST_03,Regional College C (Teaching),teaching,3.62,90,1997,Spanish,Humanities
S201501261,2015,0,M,1,Hispanic,FL,INST_01,State University A (Research),research,3.89,82,1997,Civil Engineering,STEM
S201501262,2015,0,M,0,White,FL,INST_04,Regional College D (Teaching),teaching,3.69,55,1997,Art History,Humanities
S201501263,2015,1,F,0,Hispanic,IL,INST_04,Regional College D (Teaching),teaching,3.53,52,1997,Political Science,Social Sciences
S201501264,2015,1,M,0,White,CA,INST_03,Regional College C (Teaching),teaching,3.16,77,1997,Finance,Business
S201501265,2015,0,F,0,Black,MI,INST_03,Regional College C (Teaching),teaching,3.26,51,1997,Marketing,Business
S201501266,2015,0,F,1,White,NC,INST_02,State University B (Research),research,2.94,63,1997,Psychology,Social Sciences
S201501267,2015,0,M,0,White,NC,INST_04,Regional College D (Teaching),teaching,3.29,68,1997,Mathematics,STEM
S201501268,2015,1,F,0,White,CA,INST_05,Urban University E (Research),research,3.3,24,1997,Biology,STEM
S201501269,2015,1,M,1,White,NJ,INST_01,State University A (Research),research,3.09,11,1997,Accounting,Business
S201501270,2015,0,F,0,White,OH,INST_01,State University A (Research),research,3.3,41,1997,History,Humanities
S201501271,2015,1,M,0,White,OH,INST_01,State University A (Research),research,3.12,77,1997,Art History,Humanities
S201501272,2015,0,M,1,White,MI,INST_03,Regional College C (Teaching),teaching,3.29,68,1997,History,Humanities
S201501273,2015,0,F,0,Hispanic,VA,INST_03,Regional College C (Teaching),teaching,2.81,30,1997,Chemistry,STEM
S201501274,2015,0,F,0,Black,NJ,INST_01,State University A (Research),research,3.64,64,1997,Nursing,Health
S201501275,2015,0,F,0,White,FL,INST_05,Urban University E (Research),research,3.3,68,1997,Spanish,Humanities
S201501276,2015,0,M,0,White,NY,INST_04,Regional College D (Teaching),teaching,2.98,41,1997,Physics,STEM
S201501277,2015,0,M,0,White,TX,INST_04,Regional College D (Teaching),teaching,3.48,73,1997,Anthropology,Social Sciences
S201501278,2015,0,F,1,White,PA,INST_05,Urban University E (Research),research,3.45,47,1997,Biology,STEM
S201501279,2015,1,M,0,White,IL,INST_03,Regional College C (Teaching),teaching,4.0,36,1997,Electrical Engineering,STEM
S201501280,2015,0,F,0,White,GA,INST_03,Regional College C (Teaching),teaching,3.4,62,1997,Mechanical Engineering,STEM
S201501281,2015,1,F,0,White,NY,INST_04,Regional College D (Teaching),teaching,2.88,44,1997,Statistics,STEM
S201501282,2015,0,F,0,White,PA,INST_01,State University A (Research),research,3.17,64,1997,Electrical Engineering,STEM
S201501283,2015,0,M,0,White,OH,INST_03,Regional College C (Teaching),teaching,3.44,82,1997,Biology,STEM
S201501284,2015,0,F,0,White,FL,INST_04,Regional College D (Teaching),teaching,3.73,60,1997,Anthropology,Social Sciences
S201501285,2015,1,M,0,White,VA,INST_02,State University B (Research),research,3.95,61,1997,Statistics,STEM
S201501286,2015,1,F,0,White,NC,INST_02,State University B (Research),research,2.64,54,1997,Art History,Humanities
S201501287,2015,0,F,0,Hispanic,FL,INST_05,Urban University E (Research),research,3.35,69,1997,Psychology,Social Sciences
S201501288,2015,1,F,0,Hispanic,IL,INST_05,Urban University E (Research),research,2.54,59,1997,History,Humanities
S201501289,2015,0,F,0,White,GA,INST_04,Regional College D (Teaching),teaching,3.48,42,1997,Public Health,Health
S201501290,2015,0,F,0,Black,NC,INST_03,Regional College C (Teaching),teaching,2.7,96,1997,Electrical Engineering,STEM
S201501291,2015,0,M,0,NHPI,PA,INST_05,Urban University E (Research),research,2.64,62,1997,Sociology,Social Sciences
S201501292,2015,0,M,1,Hispanic,NJ,INST_04,Regional College D (Teaching),teaching,2.22,53,1997,Economics-Bus,Business
S201501293,2015,0,F,1,White,NC,INST_04,Regional College D (Teaching),teaching,3.49,20,1997,Communications,Other
S201501294,2015,0,M,0,Hispanic,NJ,INST_02,State University B (Research),research,2.88,51,1997,Finance,Business
S201501295,2015,1,F,0,White,CA,INST_01,State University A (Research),research,3.27,41,1997,Mechanical Engineering,STEM
S201501296,2015,0,F,1,White,MI,INST_05,Urban University E (Research),research,3.78,46,1997,Economics,Social Sciences
S201501297,2015,1,M,0,White,NC,INST_03,Regional College C (Teaching),teaching,3.97,69,1997,Electrical Engineering,STEM
S201501298,2015,0,M,1,Black,NJ,INST_03,Regional College C (Teaching),teaching,3.56,49,1997,Mathematics,STEM
S201501299,2015,0,F,0,White,CA,INST_02,State University B (Research),research,2.82,71,1997,Finance,Business
S201501300,2015,0,F,1,White,GA,INST_04,Regional College D (Teaching),teaching,3.5,85,1997,Public Health,Health
S201501301,2015,0,F,0,Asian,OH,INST_02,State University B (Research),research,2.39,53,1997,Nursing,Health
S201501302,2015,0,F,0,Hispanic,NJ,INST_02,State University B (Research),research,3.71,67,1997,Sociology,Social Sciences
S201501303,2015,0,M,0,White,GA,INST_04,Regional College D (Teaching),teaching,2.97,57,1997,Statistics,STEM
S201501304,2015,0,M,1,Black,IL,INST_05,Urban University E (Research),research,3.5,82,1997,Communications,Other
S201501305,2015,0,M,0,Multi,MI,INST_02,State University B (Research),research,2.57,58,1997,Communications,Other
S201501306,2015,0,M,1,Asian,NY,INST_05,Urban University E (Research),research,3.57,22,1997,Economics-Bus,Business
S201501307,2015,0,F,0,White,TX,INST_02,State University B (Research),research,4.0,64,1997,Public Health,Health
S201501308,2015,0,F,0,White,GA,INST_04,Regional College D (Teaching),teaching,3.85,60,1997,Psychology,Social Sciences
S201501309,2015,1,M,1,Black,GA,INST_05,Urban University E (Research),research,3.14,25,1997,Anthropology,Social Sciences
S201501310,2015,1,F,0,Asian,VA,INST_01,State University A (Research),research,3.73,34,1997,Biomedical Engineering,STEM
S201501311,2015,0,M,0,White,IL,INST_05,Urban University E (Research),research,2.89,79,1997,Art History,Humanities
S201501312,2015,0,F,0,White,MI,INST_04,Regional College D (Teaching),teaching,3.41,56,1997,Biology,STEM
S201501313,2015,0,M,0,Black,FL,INST_02,State University B (Research),research,3.19,72,1997,Public Health,Health
S201501314,2015,0,F,0,Asian,GA,INST_05,Urban University E (Research),research,3.25,99,1997,Accounting,Business
S201501315,2015,0,M,0,Hispanic,MI,INST_02,State University B (Research),research,3.86,52,1997,Biomedical Engineering,STEM
S201501316,2015,1,M,0,Multi,VA,INST_02,State University B (Research),research,2.9,39,1997,Physics,STEM
S201501317,2015,0,F,0,Hispanic,FL,INST_02,State University B (Research),research,3.01,50,1997,Kinesiology,Health
S201501318,2015,0,F,0,White,NY,INST_05,Urban University E (Research),research,3.36,71,1997,Philosophy,Humanities
S201501319,2015,0,F,0,Hispanic,GA,INST_03,Regional College C (Teaching),teaching,3.54,73,1997,Public Health,Health
S201501320,2015,1,F,0,White,OH,INST_05,Urban University E (Research),research,3.2,36,1997,Kinesiology,Health
S201501321,2015,0,F,0,Hispanic,TX,INST_03,Regional College C (Teaching),teaching,1.5,76,1997,Psychology,Social Sciences
S201501322,2015,1,F,1,White,TX,INST_01,State University A (Research),research,3.75,15,1997,Education,Other
S201501323,2015,0,F,1,White,NC,INST_04,Regional College D (Teaching),teaching,3.22,45,1997,Finance,Business
S201501324,2015,0,M,0,White,CA,INST_05,Urban University E (Research),research,3.66,59,1997,Civil Engineering,STEM
S201501325,2015,0,F,0,Hispanic,NC,INST_03,Regional College C (Teaching),teaching,1.81,55,1997,Electrical Engineering,STEM
S201501326,2015,1,M,0,Hispanic,PA,INST_01,State University A (Research),research,2.72,26,1997,Biomedical Engineering,STEM
S201501327,2015,1,F,0,Hispanic,MI,INST_04,Regional College D (Teaching),teaching,3.63,59,1997,Biomedical Engineering,STEM
S201501328,2015,1,F,0,Hispanic,CA,INST_03,Regional College C (Teaching),teaching,3.48,55,1997,Mathematics,STEM
S201501329,2015,0,M,0,Black,PA,INST_02,State University B (Research),research,3.13,43,1997,Art History,Humanities
S201501330,2015,0,M,0,Black,GA,INST_01,State University A (Research),research,3.55,82,1997,Civil Engineering,STEM
S201501331,2015,1,F,1,Black,TX,INST_01,State University A (Research),research,3.13,61,1997,Pre-Med,Health
S201501332,2015,1,F,0,White,VA,INST_01,State University A (Research),research,2.78,45,1997,Pre-Med,Health
S201501333,2015,0,F,0,Black,MI,INST_03,Regional College C (Teaching),teaching,3.65,49,1997,Spanish,Humanities
S201501334,2015,1,F,0,Black,TX,INST_03,Regional College C (Teaching),teaching,4.0,61,1997,General Studies,Other
S201501335,2015,0,M,0,White,NJ,INST_04,Regional College D (Teaching),teaching,3.28,35,1997,Education,Other
S201501336,2015,0,F,1,White,OH,INST_03,Regional College C (Teaching),teaching,3.23,35,1997,Sociology,Social Sciences
S201501337,2015,0,M,0,White,IL,INST_04,Regional College D (Teaching),teaching,2.66,45,1997,Accounting,Business
S201501338,2015,0,M,0,Black,NJ,INST_04,Regional College D (Teaching),teaching,3.77,28,1997,Economics-Bus,Business
S201501339,2015,0,M,0,White,MI,INST_01,State University A (Research),research,3.01,29,1997,Management,Business
S201501340,2015,0,M,0,Asian,TX,INST_01,State University A (Research),research,3.43,52,1997,Political Science,Social Sciences
S201501341,2015,0,F,0,White,NJ,INST_04,Regional College D (Teaching),teaching,2.81,38,1997,Economics,Social Sciences
S201501342,2015,0,M,0,Hispanic,OH,INST_01,State University A (Research),research,3.62,43,1997,Biology,STEM
S201501343,2015,1,M,0,White,NC,INST_01,State University A (Research),research,2.72,51,1997,Sociology,Social Sciences
S201501344,2015,1,F,0,White,NJ,INST_02,State University B (Research),research,3.15,51,1996,Communications,Other
S201501345,2015,0,F,0,White,PA,INST_04,Regional College D (Teaching),teaching,3.18,55,1997,Communications,Other
S201501346,2015,1,F,0,Asian,NY,INST_04,Regional College D (Teaching),teaching,2.83,39,1997,Nursing,Health
S201501347,2015,1,F,1,White,NC,INST_03,Regional College C (Teaching),teaching,3.02,28,1997,Economics-Bus,Business
S201501348,2015,0,M,0,White,IL,INST_02,State University B (Research),research,3.53,21,1997,Kinesiology,Health
S201501349,2015,0,M,0,Multi,VA,INST_02,State University B (Research),research,3.01,69,1997,Finance,Business
S201501350,2015,0,F,1,White,NY,INST_04,Regional College D (Teaching),teaching,2.85,53,1997,Biology,STEM
S201501351,2015,0,F,0,Black,PA,INST_04,Regional College D (Teaching),teaching,3.25,52,1997,Marketing,Business
S201501352,2015,0,F,0,Black,MI,INST_02,State University B (Research),research,2.72,15,1997,Economics,Social Sciences
S201501353,2015,0,M,0,White,OH,INST_01,State University A (Research),research,3.41,35,1997,Anthropology,Social Sciences
S201501354,2015,1,M,0,White,NC,INST_04,Regional College D (Teaching),teaching,3.51,57,1997,Biology,STEM
S201501355,2015,0,M,0,White,TX,INST_02,State University B (Research),research,2.94,72,1997,Nursing,Health
S201501356,2015,1,F,0,White,OH,INST_02,State University B (Research),research,3.23,91,1997,Pre-Med,Health
S201501357,2015,0,F,1,White,MI,INST_05,Urban University E (Research),research,3.97,56,1997,Electrical Engineering,STEM
S201501358,2015,0,M,0,White,IL,INST_04,Regional College D (Teaching),teaching,3.2,34,1997,Chemistry,STEM
S201501359,2015,0,F,1,White,CA,INST_01,State University A (Research),research,4.0,44,1997,Computer Science,STEM
S201501360,2015,1,F,0,White,GA,INST_01,State University A (Research),research,3.78,63,1997,Philosophy,Humanities
S201501361,2015,1,F,0,Hispanic,MI,INST_01,State University A (Research),research,3.93,62,1997,Economics,Social Sciences
S201501362,2015,0,F,0,White,IL,INST_01,State University A (Research),research,2.57,44,1997,Communications,Other
S201501363,2015,1,M,1,White,CA,INST_04,Regional College D (Teaching),teaching,3.18,38,1997,Mathematics,STEM
S201501364,2015,0,F,1,Hispanic,CA,INST_02,State University B (Research),research,4.0,21,1997,Mechanical Engineering,STEM
S201501365,2015,1,F,1,White,TX,INST_03,Regional College C (Teaching),teaching,3.56,30,1997,Biomedical Engineering,STEM
S201501366,2015,0,M,0,Hispanic,NC,INST_04,Regional College D (Teaching),teaching,3.84,60,1997,Communications,Other
S201501367,2015,0,F,0,White,VA,INST_05,Urban University E (Research),research,3.75,79,1997,Communications,Other
S201501368,2015,0,F,1,White,NY,INST_01,State University A (Research),research,3.4,76,1997,Mechanical Engineering,STEM
S201501369,2015,1,F,1,White,CA,INST_04,Regional College D (Teaching),teaching,2.88,68,1997,Electrical Engineering,STEM
S201501370,2015,0,M,1,White,NJ,INST_05,Urban University E (Research),research,3.37,30,1997,Mathematics,STEM
S201501371,2015,0,M,0,Hispanic,NY,INST_03,Regional College C (Teaching),teaching,3.16,74,1997,Kinesiology,Health
S201501372,2015,0,F,0,Black,FL,INST_05,Urban University E (Research),research,3.26,51,1997,Accounting,Business
S201501373,2015,0,F,0,Hispanic,NC,INST_05,Urban University E (Research),research,3.56,40,1997,Biomedical Engineering,STEM
S201501374,2015,0,M,0,Multi,NJ,INST_05,Urban University E (Research),research,3.58,35,1997,General Studies,Other
S201501375,2015,1,F,0,Hispanic,TX,INST_04,Regional College D (Teaching),teaching,2.53,31,1997,Sociology,Social Sciences
S201501376,2015,0,F,0,White,NY,INST_02,State University B (Research),research,3.03,55,1996,Management,Business
S201501377,2015,1,F,0,Hispanic,FL,INST_03,Regional College C (Teaching),teaching,3.25,72,1997,History,Humanities
S201501378,2015,0,F,1,White,VA,INST_04,Regional College D (Teaching),teaching,3.26,59,1997,Statistics,STEM
S201501379,2015,1,M,0,White,NC,INST_03,Regional College C (Teaching),teaching,3.62,28,1997,Chemistry,STEM
S201501380,2015,1,M,0,Asian,MI,INST_01,State University A (Research),research,3.19,54,1997,General Studies,Other
S201501381,2015,0,M,0,White,IL,INST_04,Regional College D (Teaching),teaching,3.17,83,1997,Undeclared,Other
S201501382,2015,0,M,0,Black,VA,INST_04,Regional College D (Teaching),teaching,3.08,37,1997,Kinesiology,Health
S201501383,2015,0,M,1,Hispanic,CA,INST_01,State University A (Research),research,3.29,39,1997,Political Science,Social Sciences
S201501384,2015,1,F,1,White,CA,INST_01,State University A (Research),research,3.01,39,1997,English,Humanities
S201501385,2015,0,M,0,White,NJ,INST_04,Regional College D (Teaching),teaching,4.0,62,1997,Nursing,Health
S201501386,2015,0,F,1,Black,NJ,INST_04,Regional College D (Teaching),teaching,3.3,66,1997,Economics-Bus,Business
S201501387,2015,1,M,0,White,PA,INST_02,State University B (Research),research,3.5,63,1997,Computer Science,STEM
S201501388,2015,0,F,0,White,VA,INST_01,State University A (Research),research,2.62,82,1997,Economics-Bus,Business
S201501389,2015,0,F,1,Black,PA,INST_03,Regional College C (Teaching),teaching,3.61,56,1997,Electrical Engineering,STEM
S201501390,2015,1,F,0,Multi,TX,INST_02,State University B (Research),research,2.88,55,1997,Philosophy,Humanities
S201501391,2015,1,F,1,White,FL,INST_03,Regional College C (Teaching),teaching,3.53,53,1997,Physics,STEM
S201501392,2015,0,M,1,White,OH,INST_03,Regional College C (Teaching),teaching,3.28,74,1997,Psychology,Social Sciences
S201501393,2015,0,M,0,White,OH,INST_05,Urban University E (Research),research,3.23,77,1997,Nursing,Health
S201501394,2015,1,F,0,Black,FL,INST_02,State University B (Research),research,2.8,75,1997,Biomedical Engineering,STEM
S201501395,2015,0,F,0,Black,NJ,INST_04,Regional College D (Teaching),teaching,2.62,99,1997,Art History,Humanities
S201501396,2015,0,M,0,White,CA,INST_03,Regional College C (Teaching),teaching,3.09,38,1997,General Studies,Other
S201501397,2015,1,F,0,White,PA,INST_05,Urban University E (Research),research,3.02,40,1997,Computer Science,STEM
S201501398,2015,0,F,0,Hispanic,MI,INST_04,Regional College D (Teaching),teaching,3.89,40,1997,History,Humanities
S201501399,2015,0,F,1,White,NY,INST_02,State University B (Research),research,2.51,81,1997,Economics,Social Sciences
S201501400,2015,0,F,0,White,PA,INST_02,State University B (Research),research,3.3,44,1997,Civil Engineering,STEM
S201501401,2015,1,M,0,White,VA,INST_03,Regional College C (Teaching),teaching,3.32,40,1997,Spanish,Humanities
S201501402,2015,0,M,0,Black,CA,INST_01,State University A (Research),research,3.61,88,1997,Economics,Social Sciences
S201501403,2015,0,M,0,White,GA,INST_02,State University B (Research),research,2.92,19,1997,Philosophy,Humanities
S201501404,2015,0,F,0,Multi,GA,INST_01,State University A (Research),research,3.59,53,1997,Philosophy,Humanities
S201501405,2015,0,M,0,Black,NY,INST_05,Urban University E (Research),research,3.27,46,1997,Electrical Engineering,STEM
S201501406,2015,1,M,0,White,MI,INST_02,State University B (Research),research,4.0,51,1997,Statistics,STEM
S201501407,2015,1,F,1,Hispanic,MI,INST_03,Regional College C (Teaching),teaching,3.42,96,1997,Pre-Med,Health
S201501408,2015,0,M,0,Unknown,FL,INST_04,Regional College D (Teaching),teaching,3.21,67,1997,Management,Business
S201501409,2015,0,F,1,White,CA,INST_02,State University B (Research),research,2.91,79,1997,Nursing,Health
S201501410,2015,1,M,0,Asian,NC,INST_01,State University A (Research),research,3.64,38,1997,Biology,STEM
S201501411,2015,1,M,0,Hispanic,NC,INST_04,Regional College D (Teaching),teaching,2.75,94,1997,Physics,STEM
S201501412,2015,0,F,0,Asian,FL,INST_04,Regional College D (Teaching),teaching,3.27,73,1997,Economics-Bus,Business
S201501413,2015,1,F,0,Hispanic,VA,INST_01,State University A (Research),research,3.72,54,1997,Anthropology,Social Sciences
S201501414,2015,1,M,0,Hispanic,PA,INST_03,Regional College C (Teaching),teaching,4.0,40,1997,Chemistry,STEM
S201501415,2015,1,F,0,Asian,MI,INST_02,State University B (Research),research,3.02,72,1997,Kinesiology,Health
S201501416,2015,0,F,0,Hispanic,MI,INST_04,Regional College D (Teaching),teaching,2.89,56,1997,Communications,Other
S201501417,2015,0,M,1,Black,MI,INST_04,Regional College D (Teaching),teaching,3.87,27,1997,Sociology,Social Sciences
S201501418,2015,0,F,0,White,VA,INST_01,State University A (Research),research,2.75,49,1997,Physics,STEM
S201501419,2015,1,F,0,Hispanic,TX,INST_05,Urban University E (Research),research,3.36,49,1997,Economics,Social Sciences
S201501420,2015,0,M,0,Hispanic,TX,INST_02,State University B (Research),research,2.69,69,1997,History,Humanities
S201501421,2015,1,M,1,White,PA,INST_04,Regional College D (Teaching),teaching,3.45,60,1996,Marketing,Business
S201501422,2015,0,M,1,White,MI,INST_04,Regional College D (Teaching),teaching,3.45,61,1997,Management,Business
S201501423,2015,0,M,0,White,PA,INST_01,State University A (Research),research,3.67,70,1997,Economics,Social Sciences
S201501424,2015,0,M,0,Black,MI,INST_03,Regional College C (Teaching),teaching,4.0,33,1997,Psychology,Social Sciences
S201501425,2015,0,F,1,Hispanic,OH,INST_04,Regional College D (Teaching),teaching,3.5,58,1996,Marketing,Business
S201501426,2015,1,F,0,Black,PA,INST_01,State University A (Research),research,3.87,32,1997,History,Humanities
S201501427,2015,1,M,1,Hispanic,MI,INST_03,Regional College C (Teaching),teaching,3.19,50,1997,Computer Science,STEM
S201501428,2015,0,F,0,White,OH,INST_04,Regional College D (Teaching),teaching,3.4,89,1997,Physics,STEM
S201501429,2015,1,M,0,White,NJ,INST_02,State University B (Research),research,2.94,28,1997,Biology,STEM
S201501430,2015,0,M,0,Hispanic,IL,INST_04,Regional College D (Teaching),teaching,3.56,45,1997,Anthropology,Social Sciences
S201501431,2015,0,F,0,White,PA,INST_04,Regional College D (Teaching),teaching,3.47,95,1997,Accounting,Business
S201501432,2015,0,F,0,White,PA,INST_04,Regional College D (Teaching),teaching,2.33,51,1997,Public Health,Health
S201501433,2015,0,F,1,White,NY,INST_03,Regional College C (Teaching),teaching,2.6,72,1997,Accounting,Business
S201501434,2015,0,M,0,White,CA,INST_01,State University A (Research),research,2.69,84,1997,Economics,Social Sciences
S201501435,2015,1,M,0,White,OH,INST_04,Regional College D (Teaching),teaching,2.9,68,1997,Communications,Other
S201501436,2015,1,M,0,White,FL,INST_01,State University A (Research),research,3.9,87,1997,Chemistry,STEM
S201501437,2015,0,F,0,White,NJ,INST_01,State University A (Research),research,2.55,65,1997,Chemistry,STEM
S201501438,2015,0,F,0,White,IL,INST_01,State University A (Research),research,2.78,53,1997,Computer Science,STEM
S201501439,2015,0,F,0,Asian,NY,INST_01,State University A (Research),research,3.01,63,1997,Biomedical Engineering,STEM
S201501440,2015,0,F,0,Hispanic,NY,INST_05,Urban University E (Research),research,3.55,39,1997,Electrical Engineering,STEM
S201501441,2015,1,M,1,Hispanic,FL,INST_04,Regional College D (Teaching),teaching,3.56,70,1997,Mechanical Engineering,STEM
S201501442,2015,1,F,1,Asian,GA,INST_05,Urban University E (Research),research,3.8,49,1997,Education,Other
S201501443,2015,1,F,0,Multi,NJ,INST_04,Regional College D (Teaching),teaching,3.1,54,1997,Political Science,Social Sciences
S201501444,2015,1,F,0,White,PA,INST_04,Regional College D (Teaching),teaching,3.69,63,1997,General Studies,Other
S201501445,2015,0,F,0,Black,IL,INST_03,Regional College C (Teaching),teaching,3.2,56,1997,Sociology,Social Sciences
S201501446,2015,1,F,0,Hispanic,OH,INST_01,State University A (Research),research,3.48,56,1997,Civil Engineering,STEM
S201501447,2015,0,M,0,White,TX,INST_04,Regional College D (Teaching),teaching,2.06,47,1997,Electrical Engineering,STEM
S201501448,2015,1,M,0,Black,TX,INST_03,Regional College C (Teaching),teaching,2.97,49,1996,Civil Engineering,STEM
S201501449,2015,0,F,0,Multi,NC,INST_02,State University B (Research),research,3.29,51,1997,Sociology,Social Sciences
S201501450,2015,0,M,0,Black,MI,INST_04,Regional College D (Teaching),teaching,3.49,70,1997,Mathematics,STEM
S201501451,2015,0,M,1,White,TX,INST_04,Regional College D (Teaching),teaching,2.38,55,1996,Pre-Med,Health
S201501452,2015,0,F,1,White,NJ,INST_05,Urban University E (Research),research,2.43,61,1997,Sociology,Social Sciences
S201501453,2015,0,F,1,White,NC,INST_01,State University A (Research),research,3.23,67,1997,Education,Other
S201501454,2015,0,F,1,Black,TX,INST_03,Regional College C (Teaching),teaching,3.46,68,1997,Philosophy,Humanities
S201501455,2015,0,F,0,Asian,NC,INST_02,State University B (Research),research,3.23,46,1997,Nursing,Health
S201501456,2015,0,M,0,White,NY,INST_01,State University A (Research),research,2.79,38,1997,Undeclared,Other
S201501457,2015,1,M,0,White,NC,INST_01,State University A (Research),research,3.52,37,1997,Marketing,Business
S201501458,2015,0,F,0,White,IL,INST_02,State University B (Research),research,3.02,29,1997,Psychology,Social Sciences
S201501459,2015,0,M,1,White,CA,INST_02,State University B (Research),research,2.96,29,1997,Philosophy,Humanities
S201501460,2015,0,F,0,White,IL,INST_03,Regional College C (Teaching),teaching,3.46,71,1996,Chemistry,STEM
S201501461,2015,0,F,1,White,NC,INST_04,Regional College D (Teaching),teaching,3.08,60,1997,Economics-Bus,Business
S201501462,2015,0,M,1,Black,GA,INST_02,State University B (Research),research,3.29,59,1997,Statistics,STEM
S201501463,2015,1,M,0,Multi,VA,INST_03,Regional College C (Teaching),teaching,3.59,62,1997,Accounting,Business
S201501464,2015,0,M,0,White,GA,INST_05,Urban University E (Research),research,3.2,88,1997,Psychology,Social Sciences
S201501465,2015,0,M,0,Hispanic,FL,INST_01,State University A (Research),research,2.89,78,1997,Marketing,Business
S201501466,2015,1,F,0,White,NJ,INST_04,Regional College D (Teaching),teaching,3.32,45,1997,Accounting,Business
S201501467,2015,0,M,1,White,NY,INST_05,Urban University E (Research),research,2.37,44,1997,History,Humanities
S201501468,2015,0,M,0,Hispanic,GA,INST_05,Urban University E (Research),research,3.5,54,1997,Nursing,Health
S201501469,2015,0,M,0,Unknown,NJ,INST_05,Urban University E (Research),research,2.98,52,1997,History,Humanities
S201501470,2015,0,F,1,White,NJ,INST_01,State University A (Research),research,3.61,31,1997,Civil Engineering,STEM
S201501471,2015,1,F,1,Unknown,FL,INST_03,Regional College C (Teaching),teaching,3.66,51,1997,Economics-Bus,Business
S201501472,2015,0,M,1,White,IL,INST_01,State University A (Research),research,3.17,42,1997,Civil Engineering,STEM
S201501473,2015,0,M,0,Hispanic,PA,INST_01,State University A (Research),research,2.84,21,1997,Economics,Social Sciences
S201501474,2015,0,F,0,Hispanic,OH,INST_01,State University A (Research),research,3.13,83,1997,Physics,STEM
S201501475,2015,0,M,0,Asian,NC,INST_05,Urban University E (Research),research,3.8,41,1997,Nursing,Health
S201501476,2015,0,F,0,White,PA,INST_01,State University A (Research),research,2.55,62,1997,Computer Science,STEM
S201501477,2015,0,M,0,Multi,NY,INST_02,State University B (Research),research,3.29,66,1997,Physics,STEM
S201501478,2015,0,M,1,Hispanic,PA,INST_05,Urban University E (Research),research,4.0,53,1997,Statistics,STEM
S201501479,2015,0,M,0,Hispanic,NY,INST_04,Regional College D (Teaching),teaching,2.24,52,1997,Accounting,Business
S201501480,2015,0,F,0,White,NC,INST_01,State University A (Research),research,3.22,79,1997,Finance,Business
S201501481,2015,0,F,1,White,IL,INST_01,State University A (Research),research,2.13,59,1997,Undeclared,Other
S201501482,2015,0,M,0,White,TX,INST_03,Regional College C (Teaching),teaching,3.41,54,1997,Anthropology,Social Sciences
S201501483,2015,1,F,0,White,CA,INST_02,State University B (Research),research,2.93,19,1997,Physics,STEM
S201501484,2015,0,F,0,White,MI,INST_04,Regional College D (Teaching),teaching,2.63,37,1997,Biology,STEM
S201501485,2015,0,F,0,Hispanic,GA,INST_02,State University B (Research),research,3.58,65,1997,Kinesiology,Health
S201501486,2015,0,F,0,Black,TX,INST_02,State University B (Research),research,3.23,83,1997,Sociology,Social Sciences
S201501487,2015,1,M,0,Multi,FL,INST_02,State University B (Research),research,3.68,57,1997,Accounting,Business
S201501488,2015,0,F,0,Hispanic,FL,INST_03,Regional College C (Teaching),teaching,3.33,60,1997,Accounting,Business
S201501489,2015,0,M,0,White,NC,INST_05,Urban University E (Research),research,3.64,53,1997,History,Humanities
S201501490,2015,0,F,0,Black,FL,INST_05,Urban University E (Research),research,2.91,40,1997,Management,Business
S201501491,2015,0,M,0,Hispanic,OH,INST_03,Regional College C (Teaching),teaching,2.89,62,1997,Sociology,Social Sciences
S201501492,2015,1,F,0,Hispanic,TX,INST_01,State University A (Research),research,3.42,49,1997,Sociology,Social Sciences
S201501493,2015,1,F,0,Hispanic,OH,INST_05,Urban University E (Research),research,2.46,89,1997,Computer Science,STEM
S201501494,2015,0,F,1,White,MI,INST_05,Urban University E (Research),research,3.5,29,1997,Kinesiology,Health
S201501495,2015,1,M,0,Black,IL,INST_02,State University B (Research),research,2.34,70,1997,Marketing,Business
S201501496,2015,0,M,0,White,MI,INST_03,Regional College C (Teaching),teaching,2.98,34,1997,Nursing,Health
S201501497,2015,0,F,0,White,GA,INST_02,State University B (Research),research,3.78,58,1997,Economics-Bus,Business
S201501498,2015,0,F,1,Multi,VA,INST_01,State University A (Research),research,2.93,70,1997,Statistics,STEM
S201501499,2015,0,F,0,Hispanic,CA,INST_02,State University B (Research),research,3.11,8,1997,Computer Science,STEM
S201501500,2015,0,F,1,White,FL,INST_04,Regional College D (Teaching),teaching,3.13,46,1997,Mechanical Engineering,STEM
S201501501,2015,1,M,0,White,PA,INST_03,Regional College C (Teaching),teaching,3.04,63,1997,Nursing,Health
S201501502,2015,0,F,0,Hispanic,FL,INST_01,State University A (Research),research,3.84,52,1997,Pre-Med,Health
S201501503,2015,0,M,0,Asian,MI,INST_03,Regional College C (Teaching),teaching,4.0,54,1997,Management,Business
S201501504,2015,0,M,0,Asian,IL,INST_05,Urban University E (Research),research,2.77,35,1997,Political Science,Social Sciences
S201501505,2015,0,F,0,White,NJ,INST_03,Regional College C (Teaching),teaching,2.94,35,1997,Management,Business
S201501506,2015,0,M,1,Hispanic,NY,INST_05,Urban University E (Research),research,4.0,63,1997,Electrical Engineering,STEM
S201501507,2015,0,M,0,Asian,MI,INST_04,Regional College D (Teaching),teaching,3.68,93,1997,Sociology,Social Sciences
S201501508,2015,1,M,0,Black,FL,INST_01,State University A (Research),research,2.99,44,1997,Finance,Business
S201501509,2015,1,F,0,Hispanic,CA,INST_01,State University A (Research),research,3.2,89,1997,Political Science,Social Sciences
S201501510,2015,0,M,1,Black,OH,INST_04,Regional College D (Teaching),teaching,3.6,44,1997,Public Health,Health
S201501511,2015,1,M,1,Asian,MI,INST_01,State University A (Research),research,3.04,42,1997,Marketing,Business
S201501512,2015,0,F,0,Hispanic,NY,INST_05,Urban University E (Research),research,3.97,69,1997,Accounting,Business
S201501513,2015,0,F,1,White,NY,INST_05,Urban University E (Research),research,3.5,33,1997,Electrical Engineering,STEM
S201501514,2015,0,M,1,White,NY,INST_01,State University A (Research),research,3.32,78,1997,Computer Science,STEM
S201501515,2015,1,M,0,Black,TX,INST_01,State University A (Research),research,3.11,92,1997,Economics,Social Sciences
S201501516,2015,0,F,0,Hispanic,NC,INST_02,State University B (Research),research,3.74,62,1997,Chemistry,STEM
S201501517,2015,0,F,1,White,VA,INST_03,Regional College C (Teaching),teaching,3.19,9,1997,Civil Engineering,STEM
S201501518,2015,0,F,0,White,OH,INST_05,Urban University E (Research),research,2.65,72,1997,Political Science,Social Sciences
S201501519,2015,1,M,0,Black,PA,INST_03,Regional College C (Teaching),teaching,2.92,11,1997,Finance,Business
S201501520,2015,0,F,0,Asian,IL,INST_03,Regional College C (Teaching),teaching,3.61,67,1997,Mechanical Engineering,STEM
S201501521,2015,0,M,0,White,GA,INST_02,State University B (Research),research,3.94,85,1997,English,Humanities
S201501522,2015,0,M,0,White,CA,INST_01,State University A (Research),research,3.09,55,1997,Electrical Engineering,STEM
S201501523,2015,0,M,0,Asian,PA,INST_04,Regional College D (Teaching),teaching,3.16,30,1997,Statistics,STEM
S201501524,2015,1,F,0,Black,GA,INST_05,Urban University E (Research),research,4.0,48,1997,Spanish,Humanities
S201501525,2015,0,M,1,Black,NC,INST_03,Regional College C (Teaching),teaching,3.09,49,1997,Anthropology,Social Sciences
S201501526,2015,0,F,0,White,CA,INST_05,Urban University E (Research),research,2.92,82,1997,Education,Other
S201501527,2015,1,M,1,Asian,VA,INST_01,State University A (Research),research,2.54,47,1997,Biomedical Engineering,STEM
S201501528,2015,1,M,0,White,OH,INST_05,Urban University E (Research),research,3.86,84,1997,Psychology,Social Sciences
S201501529,2015,0,M,1,Asian,TX,INST_02,State University B (Research),research,3.44,19,1997,Undeclared,Other
S201501530,2015,1,F,0,White,PA,INST_05,Urban University E (Research),research,3.33,32,1997,Anthropology,Social Sciences
S201501531,2015,0,F,0,Asian,VA,INST_01,State University A (Research),research,2.25,14,1997,Undeclared,Other
S201501532,2015,1,F,1,White,VA,INST_01,State University A (Research),research,2.66,64,1997,Biology,STEM
S201501533,2015,1,F,1,Multi,CA,INST_05,Urban University E (Research),research,2.6,82,1997,General Studies,Other
S201501534,2015,0,M,1,White,NC,INST_03,Regional College C (Teaching),teaching,3.91,28,1997,Political Science,Social Sciences
S201501535,2015,0,M,0,White,NJ,INST_01,State University A (Research),research,2.95,47,1997,Management,Business
S201501536,2015,1,F,1,White,CA,INST_03,Regional College C (Teaching),teaching,3.07,46,1997,Economics-Bus,Business
S201501537,2015,0,F,1,White,NC,INST_05,Urban University E (Research),research,3.07,38,1997,Spanish,Humanities
S201501538,2015,1,M,0,White,OH,INST_03,Regional College C (Teaching),teaching,3.5,63,1997,Marketing,Business
S201501539,2015,0,F,0,AIAN,MI,INST_02,State University B (Research),research,3.41,48,1997,History,Humanities
S201501540,2015,0,F,0,Multi,NJ,INST_03,Regional College C (Teaching),teaching,3.09,42,1997,Physics,STEM
S201501541,2015,0,M,1,White,NY,INST_03,Regional College C (Teaching),teaching,3.66,53,1997,Philosophy,Humanities
S201501542,2015,1,M,0,Black,VA,INST_03,Regional College C (Teaching),teaching,3.31,53,1997,Statistics,STEM
S201501543,2015,1,F,0,Asian,NC,INST_02,State University B (Research),research,2.47,49,1997,English,Humanities
S201501544,2015,0,F,0,White,GA,INST_05,Urban University E (Research),research,3.45,64,1997,Civil Engineering,STEM
S201501545,2015,0,F,1,Black,NC,INST_02,State University B (Research),research,3.07,71,1997,Anthropology,Social Sciences
S201501546,2015,1,M,1,Hispanic,GA,INST_02,State University B (Research),research,3.35,68,1997,Biomedical Engineering,STEM
S201501547,2015,1,F,0,Asian,NJ,INST_05,Urban University E (Research),research,4.0,27,1997,Accounting,Business
S201501548,2015,0,F,0,Asian,VA,INST_05,Urban University E (Research),research,3.51,41,1997,Management,Business
S201501549,2015,1,F,1,Black,CA,INST_04,Regional College D (Teaching),teaching,3.62,54,1997,English,Humanities
S201501550,2015,0,M,0,Hispanic,FL,INST_05,Urban University E (Research),research,3.13,99,1997,Chemistry,STEM
S201501551,2015,0,F,1,White,NJ,INST_02,State University B (Research),research,3.62,47,1997,Public Health,Health
S201501552,2015,0,F,0,White,PA,INST_03,Regional College C (Teaching),teaching,3.01,73,1997,Psychology,Social Sciences
S201501553,2015,0,M,0,White,VA,INST_01,State University A (Research),research,2.86,49,1997,Philosophy,Humanities
S201501554,2015,0,M,0,White,IL,INST_05,Urban University E (Research),research,3.07,80,1997,Mathematics,STEM
S201501555,2015,0,F,0,White,CA,INST_05,Urban University E (Research),research,2.93,53,1997,Public Health,Health
S201501556,2015,0,M,0,Black,NC,INST_04,Regional College D (Teaching),teaching,3.55,43,1997,Mathematics,STEM
S201501557,2015,1,M,0,Multi,IL,INST_02,State University B (Research),research,3.44,44,1997,Psychology,Social Sciences
S201501558,2015,1,M,0,White,VA,INST_05,Urban University E (Research),research,3.03,48,1997,Biomedical Engineering,STEM
S201501559,2015,0,M,1,Hispanic,MI,INST_04,Regional College D (Teaching),teaching,3.37,72,1997,Kinesiology,Health
S201501560,2015,0,M,0,White,NJ,INST_01,State University A (Research),research,3.28,70,1997,Nursing,Health
S201501561,2015,1,M,1,Multi,TX,INST_05,Urban University E (Research),research,3.46,85,1996,Psychology,Social Sciences
S201501562,2015,1,F,0,Hispanic,OH,INST_01,State University A (Research),research,3.23,24,1997,Art History,Humanities
S201501563,2015,0,F,0,White,OH,INST_04,Regional College D (Teaching),teaching,4.0,60,1997,Electrical Engineering,STEM
S201501564,2015,0,F,1,Hispanic,FL,INST_04,Regional College D (Teaching),teaching,2.68,45,1997,Kinesiology,Health
S201501565,2015,0,M,0,White,CA,INST_03,Regional College C (Teaching),teaching,3.29,54,1997,Public Health,Health
S201501566,2015,0,F,1,Hispanic,CA,INST_01,State University A (Research),research,3.01,45,1997,Chemistry,STEM
S201501567,2015,0,M,0,Hispanic,GA,INST_01,State University A (Research),research,3.39,48,1997,Statistics,STEM
S201501568,2015,1,F,0,Multi,MI,INST_02,State University B (Research),research,3.0,72,1997,Accounting,Business
S201501569,2015,1,F,1,Hispanic,GA,INST_03,Regional College C (Teaching),teaching,3.55,55,1997,Computer Science,STEM
S201501570,2015,1,M,0,White,VA,INST_02,State University B (Research),research,2.62,33,1997,Accounting,Business
S201501571,2015,1,M,0,White,PA,INST_02,State University B (Research),research,3.43,63,1997,Pre-Med,Health
S201501572,2015,1,M,0,White,PA,INST_04,Regional College D (Teaching),teaching,3.46,46,1997,Spanish,Humanities
S201501573,2015,0,M,0,White,VA,INST_05,Urban University E (Research),research,3.34,57,1997,Kinesiology,Health
S201501574,2015,0,M,0,White,PA,INST_02,State University B (Research),research,3.68,55,1997,Accounting,Business
S201501575,2015,0,F,0,White,GA,INST_02,State University B (Research),research,3.5,66,1997,Management,Business
S201501576,2015,0,F,0,Black,NJ,INST_03,Regional College C (Teaching),teaching,3.55,78,1997,Pre-Med,Health
S201501577,2015,1,M,0,White,NJ,INST_03,Regional College C (Teaching),teaching,3.06,40,1997,Mechanical Engineering,STEM
S201501578,2015,1,F,0,White,PA,INST_05,Urban University E (Research),research,3.07,58,1997,Art History,Humanities
S201501579,2015,1,M,0,White,PA,INST_05,Urban University E (Research),research,3.37,82,1997,Accounting,Business
S201501580,2015,0,M,1,Hispanic,CA,INST_04,Regional College D (Teaching),teaching,2.52,19,1996,Chemistry,STEM
S201501581,2015,0,M,0,White,NJ,INST_05,Urban University E (Research),research,4.0,85,1997,Statistics,STEM
S201501582,2015,1,F,0,Hispanic,NJ,INST_04,Regional College D (Teaching),teaching,2.88,51,1997,Sociology,Social Sciences
S201501583,2015,0,F,0,White,NY,INST_05,Urban University E (Research),research,2.51,48,1997,Kinesiology,Health
S201501584,2015,1,F,0,White,OH,INST_04,Regional College D (Teaching),teaching,3.02,64,1997,Civil Engineering,STEM
S201501585,2015,0,M,1,Asian,FL,INST_03,Regional College C (Teaching),teaching,4.0,61,1997,Accounting,Business
S201501586,2015,0,F,0,Hispanic,CA,INST_05,Urban University E (Research),research,3.35,42,1997,Biology,STEM
S201501587,2015,1,M,0,White,FL,INST_04,Regional College D (Teaching),teaching,3.44,68,1997,Electrical Engineering,STEM
S201501588,2015,1,M,1,White,CA,INST_03,Regional College C (Teaching),teaching,3.25,78,1997,Nursing,Health
S201501589,2015,0,M,0,Hispanic,PA,INST_02,State University B (Research),research,3.11,46,1997,Kinesiology,Health
S201501590,2015,0,F,1,White,MI,INST_03,Regional College C (Teaching),teaching,3.92,72,1997,Chemistry,STEM
S201501591,2015,1,F,0,White,VA,INST_02,State University B (Research),research,3.24,71,1997,Computer Science,STEM
S201501592,2015,1,F,0,White,GA,INST_04,Regional College D (Teaching),teaching,2.83,26,1997,English,Humanities
S201501593,2015,0,M,1,Asian,NJ,INST_01,State University A (Research),research,3.87,53,1997,Undeclared,Other
S201501594,2015,1,F,1,White,FL,INST_05,Urban University E (Research),research,2.78,67,1997,Statistics,STEM
S201501595,2015,1,M,0,Multi,TX,INST_04,Regional College D (Teaching),teaching,2.51,62,1997,Undeclared,Other
S201501596,2015,0,F,0,Multi,VA,INST_04,Regional College D (Teaching),teaching,3.23,62,1997,Nursing,Health
S201501597,2015,1,M,0,Black,CA,INST_03,Regional College C (Teaching),teaching,3.01,42,1997,Physics,STEM
S201501598,2015,0,F,1,White,MI,INST_04,Regional College D (Teaching),teaching,2.7,96,1997,Statistics,STEM
S201501599,2015,0,M,0,Black,PA,INST_05,Urban University E (Research),research,3.49,78,1997,Sociology,Social Sciences
S201501600,2015,1,F,0,White,CA,INST_05,Urban University E (Research),research,3.4,73,1997,Statistics,STEM
S201501601,2015,0,M,1,White,NY,INST_02,State University B (Research),research,2.71,25,1997,Biomedical Engineering,STEM
S201501602,2015,0,F,0,Black,TX,INST_05,Urban University E (Research),research,2.69,33,1997,Mechanical Engineering,STEM
S201501603,2015,0,M,1,Hispanic,FL,INST_02,State University B (Research),research,3.67,84,1997,Kinesiology,Health
S201501604,2015,0,F,0,White,MI,INST_04,Regional College D (Teaching),teaching,3.23,18,1997,Sociology,Social Sciences
S201501605,2015,0,M,0,White,TX,INST_01,State University A (Research),research,2.95,65,1997,Physics,STEM
S201501606,2015,0,M,0,White,FL,INST_02,State University B (Research),research,3.72,17,1997,Mathematics,STEM
S201501607,2015,0,F,0,White,CA,INST_04,Regional College D (Teaching),teaching,2.44,43,1997,Mathematics,STEM
S201501608,2015,0,M,0,White,OH,INST_01,State University A (Research),research,2.31,53,1997,Anthropology,Social Sciences
S201501609,2015,0,M,0,Black,NJ,INST_01,State University A (Research),research,3.65,55,1997,History,Humanities
S201501610,2015,0,M,1,White,CA,INST_01,State University A (Research),research,4.0,61,1997,Political Science,Social Sciences
S201501611,2015,0,F,0,White,GA,INST_01,State University A (Research),research,2.92,36,1996,Biomedical Engineering,STEM
S201501612,2015,1,F,0,White,IL,INST_04,Regional College D (Teaching),teaching,3.81,46,1997,Sociology,Social Sciences
S201501613,2015,1,F,0,White,VA,INST_04,Regional College D (Teaching),teaching,3.05,51,1997,Mechanical Engineering,STEM
S201501614,2015,1,F,1,White,PA,INST_01,State University A (Research),research,3.23,58,1997,Economics,Social Sciences
S201501615,2015,0,M,1,White,MI,INST_04,Regional College D (Teaching),teaching,3.05,46,1997,Political Science,Social Sciences
S201501616,2015,0,M,0,Hispanic,GA,INST_04,Regional College D (Teaching),teaching,2.7,43,1997,Public Health,Health
S201501617,2015,1,F,0,Asian,TX,INST_04,Regional College D (Teaching),teaching,2.98,86,1997,Civil Engineering,STEM
S201501618,2015,1,M,0,Black,GA,INST_04,Regional College D (Teaching),teaching,3.53,99,1997,Civil Engineering,STEM
S201501619,2015,1,M,0,Asian,FL,INST_02,State University B (Research),research,3.14,73,1997,Mathematics,STEM
S201501620,2015,0,M,0,Black,FL,INST_03,Regional College C (Teaching),teaching,3.59,68,1997,Physics,STEM
S201501621,2015,0,M,0,White,CA,INST_02,State University B (Research),research,3.38,61,1997,Management,Business
S201501622,2015,1,F,0,Hispanic,FL,INST_05,Urban University E (Research),research,3.87,69,1997,Electrical Engineering,STEM
S201501623,2015,1,M,0,White,IL,INST_05,Urban University E (Research),research,3.08,63,1997,Psychology,Social Sciences
S201501624,2015,0,M,0,Asian,FL,INST_03,Regional College C (Teaching),teaching,3.62,67,1997,Philosophy,Humanities
S201501625,2015,0,F,1,Black,IL,INST_02,State University B (Research),research,3.63,34,1997,Electrical Engineering,STEM
S201501626,2015,1,M,0,Multi,VA,INST_02,State University B (Research),research,3.46,39,1997,Spanish,Humanities
S201501627,2015,1,M,0,Hispanic,GA,INST_02,State University B (Research),research,2.38,38,1997,Nursing,Health
S201501628,2015,1,F,0,White,PA,INST_02,State University B (Research),research,4.0,10,1997,Political Science,Social Sciences
S201501629,2015,1,F,1,Hispanic,PA,INST_02,State University B (Research),research,3.64,54,1997,Electrical Engineering,STEM
S201501630,2015,0,M,0,Multi,NC,INST_01,State University A (Research),research,3.44,54,1997,General Studies,Other
S201501631,2015,0,M,0,Black,IL,INST_04,Regional College D (Teaching),teaching,3.44,44,1997,Management,Business
S201501632,2015,0,M,0,White,FL,INST_02,State University B (Research),research,3.01,49,1997,Philosophy,Humanities
S201501633,2015,0,F,0,AIAN,FL,INST_02,State University B (Research),research,4.0,13,1997,Civil Engineering,STEM
S201501634,2015,1,M,1,White,CA,INST_01,State University A (Research),research,3.14,56,1997,Kinesiology,Health
S201501635,2015,1,F,0,White,NC,INST_04,Regional College D (Teaching),teaching,2.73,45,1997,Economics-Bus,Business
S201501636,2015,1,F,0,Black,IL,INST_05,Urban University E (Research),research,2.42,57,1997,Nursing,Health
S201501637,2015,0,M,0,Asian,TX,INST_04,Regional College D (Teaching),teaching,2.95,47,1997,Mechanical Engineering,STEM
S201501638,2015,0,F,0,Asian,PA,INST_05,Urban University E (Research),research,3.39,77,1997,Pre-Med,Health
S201501639,2015,0,M,0,Hispanic,FL,INST_05,Urban University E (Research),research,2.87,42,1997,Accounting,Business
S201501640,2015,1,M,0,Asian,FL,INST_03,Regional College C (Teaching),teaching,3.59,47,1997,Biology,STEM
S201501641,2015,0,M,0,White,GA,INST_02,State University B (Research),research,3.06,54,1997,Finance,Business
S201501642,2015,1,M,0,Asian,PA,INST_03,Regional College C (Teaching),teaching,2.44,75,1997,English,Humanities
S201501643,2015,1,F,1,Hispanic,NY,INST_03,Regional College C (Teaching),teaching,2.9,48,1997,Psychology,Social Sciences
S201501644,2015,1,F,0,White,NJ,INST_03,Regional College C (Teaching),teaching,3.28,52,1997,Finance,Business
S201501645,2015,1,M,0,White,TX,INST_05,Urban University E (Research),research,2.65,67,1997,Psychology,Social Sciences
S201501646,2015,1,F,0,White,TX,INST_01,State University A (Research),research,3.76,55,1997,Statistics,STEM
S201501647,2015,1,NB,1,White,NJ,INST_03,Regional College C (Teaching),teaching,3.19,60,1997,Pre-Med,Health
S201501648,2015,0,F,1,Hispanic,NY,INST_05,Urban University E (Research),research,3.12,73,1997,Management,Business
S201501649,2015,0,M,0,Unknown,NJ,INST_05,Urban University E (Research),research,3.16,31,1997,Computer Science,STEM
S201501650,2015,0,F,1,Hispanic,OH,INST_01,State University A (Research),research,3.49,54,1997,Accounting,Business
S201501651,2015,1,F,1,White,FL,INST_05,Urban University E (Research),research,3.84,80,1997,General Studies,Other
S201501652,2015,1,M,0,Black,VA,INST_02,State University B (Research),research,2.51,67,1997,Marketing,Business
S201501653,2015,0,F,1,White,PA,INST_02,State University B (Research),research,4.0,75,1997,Psychology,Social Sciences
S201501654,2015,0,F,0,White,NY,INST_04,Regional College D (Teaching),teaching,3.67,69,1997,Economics-Bus,Business
S201501655,2015,1,M,1,White,NC,INST_02,State University B (Research),research,3.11,44,1997,Undeclared,Other
S201501656,2015,1,M,0,White,NC,INST_05,Urban University E (Research),research,2.76,53,1997,Biology,STEM
S201501657,2015,0,F,0,Hispanic,TX,INST_02,State University B (Research),research,3.44,41,1997,Anthropology,Social Sciences
S201501658,2015,0,F,0,White,CA,INST_04,Regional College D (Teaching),teaching,3.42,51,1997,Political Science,Social Sciences
S201501659,2015,0,M,0,White,GA,INST_04,Regional College D (Teaching),teaching,3.18,39,1997,Mechanical Engineering,STEM
S201501660,2015,1,M,0,White,NJ,INST_05,Urban University E (Research),research,3.62,15,1997,Marketing,Business
S201501661,2015,0,F,1,White,TX,INST_04,Regional College D (Teaching),teaching,3.58,49,1997,Undeclared,Other
S201501662,2015,1,F,1,White,OH,INST_02,State University B (Research),research,4.0,46,1997,Economics,Social Sciences
S201501663,2015,0,F,0,White,CA,INST_01,State University A (Research),research,2.49,33,1997,History,Humanities
S201501664,2015,0,F,1,Black,NC,INST_02,State University B (Research),research,3.02,63,1997,Economics,Social Sciences
S201501665,2015,0,M,1,White,PA,INST_02,State University B (Research),research,3.35,50,1997,English,Humanities
S201501666,2015,0,M,0,Asian,NJ,INST_03,Regional College C (Teaching),teaching,2.59,58,1997,Marketing,Business
S201501667,2015,0,F,0,White,NJ,INST_01,State University A (Research),research,3.31,55,1997,Public Health,Health
S201501668,2015,0,M,0,Hispanic,GA,INST_01,State University A (Research),research,3.5,57,1997,Management,Business
S201501669,2015,0,F,1,Multi,PA,INST_03,Regional College C (Teaching),teaching,3.52,30,1997,Biomedical Engineering,STEM
S201501670,2015,0,F,0,Asian,CA,INST_04,Regional College D (Teaching),teaching,3.14,45,1997,Economics-Bus,Business
S201501671,2015,1,M,0,White,IL,INST_03,Regional College C (Teaching),teaching,3.32,79,1997,Undeclared,Other
S201501672,2015,0,F,0,Asian,GA,INST_04,Regional College D (Teaching),teaching,3.42,81,1997,Education,Other
S201501673,2015,0,F,0,White,IL,INST_04,Regional College D (Teaching),teaching,3.1,68,1997,Mechanical Engineering,STEM
S201501674,2015,0,F,0,Hispanic,VA,INST_04,Regional College D (Teaching),teaching,3.43,66,1997,Psychology,Social Sciences
S201501675,2015,0,F,0,White,PA,INST_02,State University B (Research),research,3.23,59,1997,General Studies,Other
S201501676,2015,0,F,0,White,PA,INST_03,Regional College C (Teaching),teaching,2.95,39,1997,Accounting,Business
S201501677,2015,1,M,0,White,IL,INST_05,Urban University E (Research),research,3.83,66,1997,Management,Business
S201501678,2015,1,M,1,Unknown,NC,INST_01,State University A (Research),research,3.21,67,1997,General Studies,Other
S201501679,2015,0,F,0,White,FL,INST_04,Regional College D (Teaching),teaching,2.57,47,1997,Economics-Bus,Business
S201501680,2015,0,F,1,Black,GA,INST_03,Regional College C (Teaching),teaching,3.16,76,1997,Sociology,Social Sciences
S201501681,2015,0,F,0,Hispanic,IL,INST_02,State University B (Research),research,3.56,70,1997,English,Humanities
S201501682,2015,1,F,1,White,CA,INST_01,State University A (Research),research,2.74,72,1997,Undeclared,Other
S201501683,2015,0,F,1,White,OH,INST_05,Urban University E (Research),research,3.06,75,1997,Mechanical Engineering,STEM
S201501684,2015,0,F,0,White,IL,INST_05,Urban University E (Research),research,3.63,44,1997,Art History,Humanities
S201501685,2015,1,F,0,White,PA,INST_04,Regional College D (Teaching),teaching,3.04,45,1997,Public Health,Health
S201501686,2015,0,M,0,White,PA,INST_05,Urban University E (Research),research,2.59,69,1997,Undeclared,Other
S201501687,2015,0,M,0,Black,GA,INST_03,Regional College C (Teaching),teaching,3.08,53,1997,Accounting,Business
S201501688,2015,1,F,0,Hispanic,CA,INST_01,State University A (Research),research,3.17,66,1997,Nursing,Health
S201501689,2015,0,M,0,White,OH,INST_01,State University A (Research),research,4.0,39,1997,Biology,STEM
S201501690,2015,0,F,0,White,VA,INST_05,Urban University E (Research),research,4.0,74,1997,Nursing,Health
S201501691,2015,1,F,0,White,MI,INST_03,Regional College C (Teaching),teaching,2.76,60,1997,Undeclared,Other
S201501692,2015,0,F,0,White,NJ,INST_05,Urban University E (Research),research,3.62,29,1997,General Studies,Other
S201501693,2015,0,F,1,White,PA,INST_02,State University B (Research),research,3.79,62,1997,Marketing,Business
S201501694,2015,1,F,0,Multi,TX,INST_01,State University A (Research),research,2.6,52,1997,Anthropology,Social Sciences
S201501695,2015,1,F,0,Hispanic,MI,INST_01,State University A (Research),research,2.33,59,1997,Pre-Med,Health
S201501696,2015,0,M,0,White,MI,INST_02,State University B (Research),research,4.0,69,1997,Public Health,Health
S201501697,2015,0,F,0,White,MI,INST_02,State University B (Research),research,2.44,68,1997,Statistics,STEM
S201501698,2015,0,F,0,White,CA,INST_03,Regional College C (Teaching),teaching,3.11,59,1997,Biology,STEM
S201501699,2015,1,M,0,Black,NJ,INST_01,State University A (Research),research,2.69,21,1997,Psychology,Social Sciences
S201501700,2015,1,M,0,White,FL,INST_02,State University B (Research),research,3.38,93,1997,History,Humanities
S201501701,2015,0,F,0,Black,NY,INST_01,State University A (Research),research,3.24,79,1997,Spanish,Humanities
S201501702,2015,0,F,0,Asian,PA,INST_03,Regional College C (Teaching),teaching,3.26,43,1997,Pre-Med,Health
S201501703,2015,1,F,0,Black,MI,INST_03,Regional College C (Teaching),teaching,2.98,43,1997,Education,Other
S201501704,2015,0,M,0,Hispanic,VA,INST_01,State University A (Research),research,3.15,53,1997,Education,Other
S201501705,2015,0,F,1,Hispanic,FL,INST_04,Regional College D (Teaching),teaching,3.02,78,1997,Management,Business
S201501706,2015,0,M,1,Hispanic,GA,INST_05,Urban University E (Research),research,3.37,74,1997,Physics,STEM
S201501707,2015,0,F,1,Multi,IL,INST_05,Urban University E (Research),research,3.48,53,1997,Pre-Med,Health
S201501708,2015,1,F,0,Asian,FL,INST_05,Urban University E (Research),research,3.35,67,1997,Accounting,Business
S201501709,2015,1,M,0,Black,MI,INST_03,Regional College C (Teaching),teaching,3.86,51,1997,Physics,STEM
S201501710,2015,1,M,0,White,OH,INST_01,State University A (Research),research,2.44,34,1997,Management,Business
S201501711,2015,1,F,1,White,TX,INST_01,State University A (Research),research,2.77,28,1997,Spanish,Humanities
S201501712,2015,0,F,0,Asian,OH,INST_05,Urban University E (Research),research,3.53,33,1997,Mechanical Engineering,STEM
S201501713,2015,0,F,0,White,MI,INST_01,State University A (Research),research,3.22,65,1997,Computer Science,STEM
S201501714,2015,0,M,0,Black,CA,INST_05,Urban University E (Research),research,2.81,92,1997,Marketing,Business
S201501715,2015,0,F,0,Black,GA,INST_05,Urban University E (Research),research,3.16,48,1997,Chemistry,STEM
S201501716,2015,0,F,0,Hispanic,NC,INST_05,Urban University E (Research),research,3.61,68,1997,Anthropology,Social Sciences
S201501717,2015,0,F,1,White,NC,INST_02,State University B (Research),research,3.68,57,1997,Economics-Bus,Business
S201501718,2015,0,M,0,Hispanic,OH,INST_04,Regional College D (Teaching),teaching,3.4,64,1997,Mathematics,STEM
S201501719,2015,0,F,0,White,GA,INST_04,Regional College D (Teaching),teaching,3.66,66,1997,Nursing,Health
S201501720,2015,0,F,0,White,FL,INST_01,State University A (Research),research,3.38,63,1997,Economics,Social Sciences
S201501721,2015,0,F,1,White,OH,INST_05,Urban University E (Research),research,2.48,13,1997,Accounting,Business
S201501722,2015,1,M,0,White,IL,INST_04,Regional College D (Teaching),teaching,3.22,70,1997,Kinesiology,Health
S201501723,2015,0,F,0,Hispanic,NJ,INST_01,State University A (Research),research,3.03,42,1997,Anthropology,Social Sciences
S201501724,2015,0,M,0,Black,TX,INST_02,State University B (Research),research,2.62,30,1997,Economics-Bus,Business
S201501725,2015,1,M,1,Multi,OH,INST_04,Regional College D (Teaching),teaching,2.09,66,1997,Electrical Engineering,STEM
S201501726,2015,1,F,0,White,NC,INST_02,State University B (Research),research,2.16,52,1997,Physics,STEM
S201501727,2015,1,F,1,Asian,FL,INST_04,Regional College D (Teaching),teaching,2.81,29,1997,Management,Business
S201501728,2015,1,M,0,Multi,CA,INST_04,Regional College D (Teaching),teaching,2.64,50,1997,History,Humanities
S201501729,2015,1,M,0,Black,IL,INST_03,Regional College C (Teaching),teaching,3.31,69,1997,Physics,STEM
S201501730,2015,0,M,0,White,NC,INST_03,Regional College C (Teaching),teaching,4.0,24,1997,Marketing,Business
S201501731,2015,1,F,0,Asian,TX,INST_04,Regional College D (Teaching),teaching,2.67,25,1997,Psychology,Social Sciences
S201501732,2015,0,M,0,Asian,IL,INST_01,State University A (Research),research,2.66,59,1997,Biology,STEM
S201501733,2015,1,M,0,Black,IL,INST_01,State University A (Research),research,3.08,44,1997,Economics,Social Sciences
S201501734,2015,0,F,0,Black,NJ,INST_05,Urban University E (Research),research,3.07,63,1997,Civil Engineering,STEM
S201501735,2015,0,M,0,Hispanic,GA,INST_02,State University B (Research),research,3.53,70,1997,Mathematics,STEM
S201501736,2015,1,F,0,White,VA,INST_03,Regional College C (Teaching),teaching,3.3,28,1997,Marketing,Business
S201501737,2015,1,M,0,Hispanic,NJ,INST_02,State University B (Research),research,3.03,61,1997,Statistics,STEM
S201501738,2015,0,F,0,Hispanic,PA,INST_02,State University B (Research),research,3.21,32,1997,Pre-Med,Health
S201501739,2015,0,F,0,Hispanic,MI,INST_05,Urban University E (Research),research,2.87,43,1997,History,Humanities
S201501740,2015,0,F,0,Black,MI,INST_05,Urban University E (Research),research,3.14,59,1997,Civil Engineering,STEM
S201501741,2015,0,F,0,Asian,NY,INST_05,Urban University E (Research),research,4.0,74,1997,Public Health,Health
S201501742,2015,1,F,0,Unknown,CA,INST_05,Urban University E (Research),research,3.54,88,1997,Spanish,Humanities
S201501743,2015,0,F,1,White,GA,INST_02,State University B (Research),research,3.93,54,1997,Education,Other
S201501744,2015,0,M,0,Hispanic,FL,INST_05,Urban University E (Research),research,2.84,25,1997,Kinesiology,Health
S201501745,2015,0,F,0,Hispanic,NJ,INST_02,State University B (Research),research,2.76,64,1997,Mechanical Engineering,STEM
S201501746,2015,1,M,1,White,NY,INST_04,Regional College D (Teaching),teaching,3.81,68,1997,Accounting,Business
S201501747,2015,0,M,0,Hispanic,PA,INST_01,State University A (Research),research,3.59,63,1997,Communications,Other
S201501748,2015,1,M,0,White,OH,INST_02,State University B (Research),research,2.17,65,1997,English,Humanities
S201501749,2015,1,F,0,White,OH,INST_05,Urban University E (Research),research,3.35,77,1997,Mathematics,STEM
S201501750,2015,0,F,0,Hispanic,NY,INST_03,Regional College C (Teaching),teaching,4.0,48,1997,Communications,Other
S201501751,2015,0,F,1,White,CA,INST_02,State University B (Research),research,3.52,64,1997,Accounting,Business
S201501752,2015,1,F,0,White,TX,INST_04,Regional College D (Teaching),teaching,3.31,76,1997,Economics-Bus,Business
S201501753,2015,0,M,0,Hispanic,MI,INST_03,Regional College C (Teaching),teaching,2.53,48,1997,Art History,Humanities
S201501754,2015,0,F,0,White,NY,INST_03,Regional College C (Teaching),teaching,2.88,24,1997,Management,Business
S201501755,2015,0,F,1,Multi,NC,INST_05,Urban University E (Research),research,3.35,55,1997,Nursing,Health
S201501756,2015,0,F,0,Asian,VA,INST_01,State University A (Research),research,3.14,44,1997,Electrical Engineering,STEM
S201501757,2015,0,M,0,White,MI,INST_01,State University A (Research),research,4.0,53,1997,Accounting,Business
S201501758,2015,1,F,0,Hispanic,TX,INST_01,State University A (Research),research,3.14,52,1997,Public Health,Health
S201501759,2015,0,F,0,White,FL,INST_03,Regional College C (Teaching),teaching,3.37,57,1997,Electrical Engineering,STEM
S201501760,2015,1,F,0,Black,NY,INST_01,State University A (Research),research,3.23,69,1997,Statistics,STEM
S201501761,2015,1,F,0,Multi,MI,INST_03,Regional College C (Teaching),teaching,3.36,61,1997,Pre-Med,Health
S201501762,2015,0,M,0,White,NY,INST_05,Urban University E (Research),research,3.18,74,1997,Economics-Bus,Business
S201501763,2015,0,M,0,White,MI,INST_04,Regional College D (Teaching),teaching,3.23,53,1997,Mathematics,STEM
S201501764,2015,0,F,0,Hispanic,FL,INST_02,State University B (Research),research,3.75,57,1997,Biomedical Engineering,STEM
S201501765,2015,1,F,1,White,NC,INST_05,Urban University E (Research),research,3.1,14,1997,Computer Science,STEM
S201501766,2015,1,F,0,White,NY,INST_02,State University B (Research),research,3.05,54,1997,History,Humanities
S201501767,2015,1,F,0,White,TX,INST_01,State University A (Research),research,3.99,21,1997,Mechanical Engineering,STEM
S201501768,2015,0,F,1,Hispanic,FL,INST_02,State University B (Research),research,2.36,42,1997,Undeclared,Other
S201501769,2015,1,M,0,Asian,VA,INST_05,Urban University E (Research),research,3.69,50,1997,Art History,Humanities
S201501770,2015,0,F,0,White,NJ,INST_01,State University A (Research),research,3.29,98,1997,Mechanical Engineering,STEM
S201501771,2015,1,F,0,Black,VA,INST_02,State University B (Research),research,3.19,3,1997,Economics-Bus,Business
S201501772,2015,1,F,0,White,NY,INST_01,State University A (Research),research,3.04,49,1997,Computer Science,STEM
S201501773,2015,0,M,0,Black,CA,INST_04,Regional College D (Teaching),teaching,3.04,63,1997,Chemistry,STEM
S201501774,2015,1,F,0,Hispanic,TX,INST_01,State University A (Research),research,3.74,38,1996,Statistics,STEM
S201501775,2015,1,M,0,White,CA,INST_02,State University B (Research),research,3.45,53,1997,Economics,Social Sciences
S201501776,2015,1,F,0,Hispanic,TX,INST_02,State University B (Research),research,3.14,65,1997,Kinesiology,Health
S201501777,2015,1,F,0,White,TX,INST_04,Regional College D (Teaching),teaching,3.03,52,1997,Nursing,Health
S201501778,2015,0,M,0,Asian,NY,INST_01,State University A (Research),research,3.05,68,1997,Pre-Med,Health
S201501779,2015,0,M,1,AIAN,NJ,INST_04,Regional College D (Teaching),teaching,3.53,35,1997,History,Humanities
S201501780,2015,1,F,0,White,MI,INST_02,State University B (Research),research,3.1,55,1997,General Studies,Other
S201501781,2015,0,F,0,White,GA,INST_03,Regional College C (Teaching),teaching,2.65,32,1997,Mechanical Engineering,STEM
S201501782,2015,0,F,0,Black,TX,INST_04,Regional College D (Teaching),teaching,3.08,54,1997,Art History,Humanities
S201501783,2015,1,F,1,White,IL,INST_02,State University B (Research),research,3.55,80,1997,Computer Science,STEM
S201501784,2015,0,F,0,Asian,NY,INST_02,State University B (Research),research,3.23,65,1997,Management,Business
S201501785,2015,1,F,1,Hispanic,PA,INST_05,Urban University E (Research),research,4.0,83,1997,Communications,Other
S201501786,2015,0,M,1,Hispanic,NY,INST_05,Urban University E (Research),research,3.26,86,1997,Computer Science,STEM
S201501787,2015,1,M,0,White,TX,INST_03,Regional College C (Teaching),teaching,3.03,62,1997,Biomedical Engineering,STEM
S201501788,2015,0,NB,0,Black,NC,INST_02,State University B (Research),research,4.0,24,1997,Physics,STEM
S201501789,2015,1,F,0,White,TX,INST_01,State University A (Research),research,3.76,67,1997,Undeclared,Other
S201501790,2015,0,F,0,Asian,VA,INST_02,State University B (Research),research,2.92,48,1997,Chemistry,STEM
S201501791,2015,1,F,0,Black,CA,INST_03,Regional College C (Teaching),teaching,3.95,80,1997,Physics,STEM
S201501792,2015,0,F,0,Hispanic,OH,INST_05,Urban University E (Research),research,3.49,59,1997,Pre-Med,Health
S201501793,2015,1,F,0,White,PA,INST_02,State University B (Research),research,3.52,57,1997,Undeclared,Other
S201501794,2015,0,F,0,White,VA,INST_01,State University A (Research),research,3.97,37,1997,Finance,Business
S201501795,2015,1,F,0,Hispanic,NC,INST_01,State University A (Research),research,2.76,42,1997,Kinesiology,Health
S201501796,2015,0,F,0,White,VA,INST_01,State University A (Research),research,3.32,16,1997,Biology,STEM
S201501797,2015,1,F,0,White,FL,INST_03,Regional College C (Teaching),teaching,3.36,65,1997,Kinesiology,Health
S201501798,2015,1,F,0,Hispanic,CA,INST_03,Regional College C (Teaching),teaching,3.28,59,1997,Psychology,Social Sciences
S201501799,2015,0,M,0,Black,PA,INST_03,Regional College C (Teaching),teaching,2.35,10,1997,Accounting,Business
S201501800,2015,0,M,1,Black,OH,INST_02,State University B (Research),research,3.93,88,1997,Psychology,Social Sciences
S201501801,2015,0,F,0,White,MI,INST_02,State University B (Research),research,3.64,64,1997,Accounting,Business
S201501802,2015,0,F,0,White,NY,INST_01,State University A (Research),research,3.12,98,1997,Anthropology,Social Sciences
S201501803,2015,0,M,0,Hispanic,GA,INST_02,State University B (Research),research,3.45,44,1997,Biology,STEM
S201501804,2015,0,F,0,White,NJ,INST_05,Urban University E (Research),research,3.83,60,1997,Pre-Med,Health
S201501805,2015,1,F,1,White,NJ,INST_03,Regional College C (Teaching),teaching,3.42,11,1997,Sociology,Social Sciences
S201501806,2015,0,F,0,Hispanic,PA,INST_01,State University A (Research),research,2.96,50,1997,Chemistry,STEM
S201501807,2015,0,M,0,White,PA,INST_05,Urban University E (Research),research,3.11,33,1997,Statistics,STEM
S201501808,2015,0,F,1,Asian,TX,INST_03,Regional College C (Teaching),teaching,3.24,47,1997,Public Health,Health
S201501809,2015,1,M,0,Black,NC,INST_01,State University A (Research),research,3.22,58,1997,Public Health,Health
S201501810,2015,0,M,0,White,PA,INST_05,Urban University E (Research),research,3.18,83,1997,History,Humanities
S201501811,2015,0,F,0,White,VA,INST_01,State University A (Research),research,2.82,74,1997,Management,Business
S201501812,2015,0,M,0,Hispanic,MI,INST_05,Urban University E (Research),research,3.1,51,1997,Political Science,Social Sciences
S201501813,2015,1,M,0,White,VA,INST_04,Regional College D (Teaching),teaching,3.89,14,1997,Accounting,Business
S201501814,2015,1,F,0,Black,FL,INST_03,Regional College C (Teaching),teaching,3.65,54,1997,Civil Engineering,STEM
S201501815,2015,1,F,1,White,NJ,INST_01,State University A (Research),research,3.24,57,1997,Anthropology,Social Sciences
S201501816,2015,0,M,0,Asian,FL,INST_01,State University A (Research),research,2.95,75,1997,General Studies,Other
S201501817,2015,0,F,0,White,GA,INST_02,State University B (Research),research,3.31,67,1997,Nursing,Health
S201501818,2015,1,M,1,Multi,NC,INST_04,Regional College D (Teaching),teaching,3.68,49,1997,Economics-Bus,Business
S201501819,2015,0,F,0,Asian,OH,INST_02,State University B (Research),research,3.36,59,1997,Pre-Med,Health
S201501820,2015,1,F,0,Hispanic,OH,INST_02,State University B (Research),research,3.48,59,1997,Pre-Med,Health
S201501821,2015,0,M,0,White,NJ,INST_05,Urban University E (Research),research,2.68,42,1997,General Studies,Other
S201501822,2015,0,F,0,White,CA,INST_05,Urban University E (Research),research,3.02,33,1997,Education,Other
S201501823,2015,0,F,0,Black,CA,INST_02,State University B (Research),research,2.91,33,1997,Nursing,Health
S201501824,2015,1,F,0,Black,MI,INST_01,State University A (Research),research,3.69,81,1997,Biology,STEM
S201501825,2015,0,M,0,White,GA,INST_02,State University B (Research),research,3.16,82,1997,Sociology,Social Sciences
S201501826,2015,0,F,1,Asian,NC,INST_05,Urban University E (Research),research,3.04,48,1997,Kinesiology,Health
S201501827,2015,0,F,0,White,MI,INST_05,Urban University E (Research),research,2.68,26,1997,Electrical Engineering,STEM
S201501828,2015,0,M,0,Black,MI,INST_03,Regional College C (Teaching),teaching,3.94,55,1997,Chemistry,STEM
S201501829,2015,0,F,0,White,MI,INST_04,Regional College D (Teaching),teaching,3.87,45,1997,Public Health,Health
S201501830,2015,0,F,1,White,NC,INST_02,State University B (Research),research,4.0,31,1997,General Studies,Other
S201501831,2015,0,F,0,White,FL,INST_02,State University B (Research),research,3.67,68,1997,Sociology,Social Sciences
S201501832,2015,0,F,1,White,CA,INST_02,State University B (Research),research,2.94,94,1997,Education,Other
S201501833,2015,1,F,0,White,VA,INST_05,Urban University E (Research),research,3.15,99,1997,Nursing,Health
S201501834,2015,1,F,1,Black,CA,INST_03,Regional College C (Teaching),teaching,3.32,73,1997,Chemistry,STEM
S201501835,2015,1,M,0,Hispanic,OH,INST_02,State University B (Research),research,2.99,55,1997,Communications,Other
S201501836,2015,0,F,0,White,OH,INST_02,State University B (Research),research,2.89,38,1997,Undeclared,Other
S201501837,2015,1,M,0,White,MI,INST_02,State University B (Research),research,2.87,61,1997,Mathematics,STEM
S201501838,2015,1,F,1,White,OH,INST_03,Regional College C (Teaching),teaching,3.91,82,1997,Biology,STEM
S201501839,2015,0,M,1,White,FL,INST_01,State University A (Research),research,3.75,52,1997,Kinesiology,Health
S201501840,2015,0,M,1,White,IL,INST_04,Regional College D (Teaching),teaching,4.0,20,1997,Civil Engineering,STEM
S201501841,2015,1,M,0,Hispanic,IL,INST_01,State University A (Research),research,2.75,36,1997,Psychology,Social Sciences
S201501842,2015,1,F,0,Black,OH,INST_01,State University A (Research),research,3.73,78,1997,Sociology,Social Sciences
S201501843,2015,0,M,0,Multi,IL,INST_03,Regional College C (Teaching),teaching,2.91,32,1997,Nursing,Health
S201501844,2015,0,F,0,White,GA,INST_04,Regional College D (Teaching),teaching,2.96,62,1997,Nursing,Health
S201501845,2015,0,M,0,Hispanic,GA,INST_05,Urban University E (Research),research,3.02,63,1997,Education,Other
S201501846,2015,0,M,0,Asian,IL,INST_03,Regional College C (Teaching),teaching,2.81,40,1997,Civil Engineering,STEM
S201501847,2015,1,F,0,White,IL,INST_03,Regional College C (Teaching),teaching,3.18,68,1997,Biology,STEM
S201501848,2015,0,F,0,White,GA,INST_01,State University A (Research),research,3.62,63,1997,Art History,Humanities
S201501849,2015,0,F,1,White,MI,INST_03,Regional College C (Teaching),teaching,2.26,68,1997,Psychology,Social Sciences
S201501850,2015,0,F,0,Black,TX,INST_01,State University A (Research),research,2.89,19,1997,Kinesiology,Health
S201501851,2015,0,M,1,Multi,GA,INST_05,Urban University E (Research),research,2.7,64,1997,Economics,Social Sciences
S201501852,2015,1,F,0,Hispanic,FL,INST_04,Regional College D (Teaching),teaching,3.59,62,1997,Communications,Other
S201501853,2015,0,F,0,White,GA,INST_01,State University A (Research),research,2.6,82,1997,Marketing,Business
S201501854,2015,1,F,0,White,TX,INST_02,State University B (Research),research,2.36,46,1996,Marketing,Business
S201501855,2015,0,M,1,Unknown,CA,INST_05,Urban University E (Research),research,3.63,48,1997,Statistics,STEM
S201501856,2015,1,M,0,Asian,OH,INST_04,Regional College D (Teaching),teaching,3.11,46,1997,Electrical Engineering,STEM
S201501857,2015,0,M,0,Hispanic,VA,INST_04,Regional College D (Teaching),teaching,2.99,64,1996,Education,Other
S201501858,2015,0,F,0,White,OH,INST_03,Regional College C (Teaching),teaching,2.95,53,1997,English,Humanities
S201501859,2015,1,M,0,White,OH,INST_01,State University A (Research),research,2.89,86,1997,Biomedical Engineering,STEM
S201501860,2015,0,M,1,White,OH,INST_04,Regional College D (Teaching),teaching,2.29,41,1997,Management,Business
S201501861,2015,1,F,1,White,NY,INST_04,Regional College D (Teaching),teaching,2.61,17,1997,Physics,STEM
S201501862,2015,1,F,0,White,IL,INST_04,Regional College D (Teaching),teaching,3.35,41,1997,Biology,STEM
S201501863,2015,0,F,0,Black,CA,INST_01,State University A (Research),research,3.37,29,1997,Electrical Engineering,STEM
S201501864,2015,1,M,0,White,PA,INST_04,Regional College D (Teaching),teaching,3.18,4,1997,Nursing,Health
S201501865,2015,1,M,1,White,NC,INST_02,State University B (Research),research,3.16,59,1997,Undeclared,Other
S201501866,2015,0,M,0,Black,NC,INST_03,Regional College C (Teaching),teaching,2.96,85,1997,Political Science,Social Sciences
S201501867,2015,0,M,1,White,NC,INST_01,State University A (Research),research,2.98,26,1997,Spanish,Humanities
S201501868,2015,0,M,0,White,PA,INST_03,Regional College C (Teaching),teaching,3.69,44,1997,Communications,Other
S201501869,2015,1,F,0,Hispanic,CA,INST_02,State University B (Research),research,2.72,79,1997,Sociology,Social Sciences
S201501870,2015,1,F,0,White,OH,INST_03,Regional College C (Teaching),teaching,3.29,54,1997,Anthropology,Social Sciences
S201501871,2015,0,M,0,White,OH,INST_05,Urban University E (Research),research,3.06,42,1997,Accounting,Business
S201501872,2015,0,M,0,White,PA,INST_04,Regional College D (Teaching),teaching,2.84,86,1997,Kinesiology,Health
S201501873,2015,1,F,0,White,FL,INST_03,Regional College C (Teaching),teaching,2.95,39,1997,Spanish,Humanities
S201501874,2015,1,F,0,White,CA,INST_04,Regional College D (Teaching),teaching,4.0,48,1997,Public Health,Health
S201501875,2015,0,F,1,White,NY,INST_05,Urban University E (Research),research,3.6,56,1997,Civil Engineering,STEM
S201501876,2015,1,M,0,Asian,VA,INST_05,Urban University E (Research),research,3.26,82,1997,General Studies,Other
S201501877,2015,1,M,0,Black,NC,INST_03,Regional College C (Teaching),teaching,3.15,52,1997,Kinesiology,Health
S201501878,2015,0,M,0,Black,NJ,INST_05,Urban University E (Research),research,3.43,53,1997,Pre-Med,Health
S201501879,2015,0,F,0,Hispanic,IL,INST_01,State University A (Research),research,3.17,83,1997,Economics,Social Sciences
S201501880,2015,1,M,1,White,PA,INST_05,Urban University E (Research),research,3.06,68,1997,Anthropology,Social Sciences
S201501881,2015,1,M,0,White,PA,INST_05,Urban University E (Research),research,3.73,64,1997,Art History,Humanities
S201501882,2015,1,F,0,White,NJ,INST_04,Regional College D (Teaching),teaching,3.25,26,1997,Education,Other
S201501883,2015,1,F,0,White,NY,INST_05,Urban University E (Research),research,2.64,65,1997,Finance,Business
S201501884,2015,0,M,0,White,NY,INST_03,Regional College C (Teaching),teaching,3.01,64,1997,Philosophy,Humanities
S201501885,2015,1,F,1,Black,FL,INST_02,State University B (Research),research,4.0,58,1997,Finance,Business
S201501886,2015,0,F,1,Hispanic,NC,INST_05,Urban University E (Research),research,3.1,38,1997,Biology,STEM
S201501887,2015,1,M,1,Asian,NY,INST_05,Urban University E (Research),research,2.98,43,1997,Mechanical Engineering,STEM
S201501888,2015,1,M,0,White,MI,INST_01,State University A (Research),research,3.5,85,1997,Spanish,Humanities
S201501889,2015,1,M,0,Asian,IL,INST_02,State University B (Research),research,3.89,45,1997,Biology,STEM
S201501890,2015,0,F,1,Multi,NY,INST_01,State University A (Research),research,3.03,72,1997,Management,Business
S201501891,2015,1,M,0,White,PA,INST_04,Regional College D (Teaching),teaching,3.16,52,1997,Pre-Med,Health
S201501892,2015,1,F,0,White,FL,INST_04,Regional College D (Teaching),teaching,3.56,36,1997,Mathematics,STEM
S201501893,2015,0,M,0,Hispanic,NC,INST_03,Regional College C (Teaching),teaching,4.0,76,1997,Economics,Social Sciences
S201501894,2015,1,M,1,White,CA,INST_03,Regional College C (Teaching),teaching,3.52,83,1997,Economics,Social Sciences
S201501895,2015,0,F,1,Black,FL,INST_02,State University B (Research),research,3.1,67,1997,Economics-Bus,Business
S201501896,2015,0,F,0,White,CA,INST_01,State University A (Research),research,3.46,83,1997,Accounting,Business
S201501897,2015,0,M,0,Black,VA,INST_05,Urban University E (Research),research,2.75,41,1997,Mathematics,STEM
S201501898,2015,0,M,0,Black,OH,INST_05,Urban University E (Research),research,3.03,24,1997,Statistics,STEM
S201501899,2015,0,M,0,White,CA,INST_05,Urban University E (Research),research,2.11,52,1997,Nursing,Health
S201501900,2015,0,M,0,White,VA,INST_05,Urban University E (Research),research,2.02,17,1997,Political Science,Social Sciences
S201501901,2015,0,F,1,Hispanic,IL,INST_02,State University B (Research),research,3.05,63,1997,Finance,Business
S201501902,2015,0,F,0,White,OH,INST_01,State University A (Research),research,3.47,43,1997,Education,Other
S201501903,2015,1,F,0,White,IL,INST_04,Regional College D (Teaching),teaching,2.83,47,1997,Spanish,Humanities
S201501904,2015,0,F,0,Black,TX,INST_01,State University A (Research),research,2.42,43,1997,Pre-Med,Health
S201501905,2015,1,M,0,White,OH,INST_05,Urban University E (Research),research,3.52,36,1997,Spanish,Humanities
S201501906,2015,0,M,0,White,OH,INST_03,Regional College C (Teaching),teaching,3.07,58,1997,Finance,Business
S201501907,2015,1,M,1,White,NY,INST_02,State University B (Research),research,2.96,56,1997,Pre-Med,Health
S201501908,2015,0,M,0,Multi,FL,INST_01,State University A (Research),research,2.34,63,1997,Mathematics,STEM
S201501909,2015,1,F,0,White,MI,INST_02,State University B (Research),research,3.28,66,1997,Public Health,Health
S201501910,2015,0,F,0,Multi,PA,INST_05,Urban University E (Research),research,3.15,79,1997,Accounting,Business
S201501911,2015,0,M,1,White,OH,INST_02,State University B (Research),research,3.96,61,1997,Psychology,Social Sciences
S201501912,2015,1,F,1,Asian,FL,INST_04,Regional College D (Teaching),teaching,3.43,81,1997,Nursing,Health
S201501913,2015,0,F,1,Hispanic,VA,INST_05,Urban University E (Research),research,3.78,28,1997,Computer Science,STEM
S201501914,2015,0,F,0,White,PA,INST_01,State University A (Research),research,3.49,80,1997,Public Health,Health
S201501915,2015,1,M,0,Black,NJ,INST_05,Urban University E (Research),research,2.39,47,1997,Mechanical Engineering,STEM
S201501916,2015,0,F,0,Hispanic,IL,INST_03,Regional College C (Teaching),teaching,3.32,79,1997,Finance,Business
S201501917,2015,1,F,0,Hispanic,FL,INST_04,Regional College D (Teaching),teaching,3.43,53,1997,Mechanical Engineering,STEM
S201501918,2015,0,M,1,Black,NY,INST_05,Urban University E (Research),research,2.75,47,1997,Public Health,Health
S201501919,2015,1,F,0,White,VA,INST_02,State University B (Research),research,3.28,72,1997,Economics-Bus,Business
S201501920,2015,1,M,1,White,IL,INST_02,State University B (Research),research,2.94,55,1997,Sociology,Social Sciences
S201501921,2015,1,M,0,White,CA,INST_04,Regional College D (Teaching),teaching,2.81,65,1997,Spanish,Humanities
S201501922,2015,0,F,0,Unknown,NY,INST_01,State University A (Research),research,3.13,72,1997,Spanish,Humanities
S201501923,2015,0,M,1,Black,TX,INST_04,Regional College D (Teaching),teaching,2.96,37,1997,Economics,Social Sciences
S201501924,2015,0,M,0,Hispanic,IL,INST_05,Urban University E (Research),research,3.72,57,1997,Nursing,Health
S201501925,2015,1,F,1,White,NJ,INST_01,State University A (Research),research,3.57,71,1997,Nursing,Health
S201501926,2015,0,M,1,Unknown,PA,INST_04,Regional College D (Teaching),teaching,3.56,34,1997,Anthropology,Social Sciences
S201501927,2015,0,M,0,White,PA,INST_04,Regional College D (Teaching),teaching,3.25,86,1997,Spanish,Humanities
S201501928,2015,0,M,0,White,NJ,INST_03,Regional College C (Teaching),teaching,2.56,48,1997,Kinesiology,Health
S201501929,2015,1,M,0,Black,NC,INST_03,Regional College C (Teaching),teaching,3.38,56,1997,Biology,STEM
S201501930,2015,1,F,0,Asian,PA,INST_03,Regional College C (Teaching),teaching,2.86,51,1997,Mathematics,STEM
S201501931,2015,0,M,0,White,GA,INST_04,Regional College D (Teaching),teaching,3.18,55,1997,Pre-Med,Health
S201501932,2015,1,F,0,White,NY,INST_05,Urban University E (Research),research,3.65,63,1997,Finance,Business
S201501933,2015,0,M,0,Black,NC,INST_05,Urban University E (Research),research,2.86,60,1997,Sociology,Social Sciences
S201501934,2015,0,F,1,White,IL,INST_04,Regional College D (Teaching),teaching,3.83,50,1997,Kinesiology,Health
S201501935,2015,0,M,0,White,IL,INST_03,Regional College C (Teaching),teaching,3.34,34,1997,Undeclared,Other
S201501936,2015,0,F,1,White,CA,INST_02,State University B (Research),research,2.98,73,1997,Undeclared,Other
S201501937,2015,0,F,0,Black,TX,INST_05,Urban University E (Research),research,4.0,42,1997,General Studies,Other
S201501938,2015,0,F,0,White,GA,INST_02,State University B (Research),research,3.95,50,1997,Statistics,STEM
S201501939,2015,0,M,0,Multi,PA,INST_05,Urban University E (Research),research,3.86,55,1997,Biomedical Engineering,STEM
S201501940,2015,0,F,1,Black,FL,INST_05,Urban University E (Research),research,2.56,48,1997,Economics,Social Sciences
S201501941,2015,1,F,0,Hispanic,FL,INST_03,Regional College C (Teaching),teaching,2.84,61,1997,Sociology,Social Sciences
S201501942,2015,0,F,1,Black,NY,INST_04,Regional College D (Teaching),teaching,2.2,76,1997,Management,Business
S201501943,2015,0,F,0,Black,NJ,INST_05,Urban University E (Research),research,3.33,42,1997,Political Science,Social Sciences
S201501944,2015,0,F,1,White,OH,INST_03,Regional College C (Teaching),teaching,3.43,86,1997,Electrical Engineering,STEM
S201501945,2015,1,F,0,Multi,PA,INST_03,Regional College C (Teaching),teaching,3.33,62,1997,Marketing,Business
S201501946,2015,1,M,0,Hispanic,FL,INST_05,Urban University E (Research),research,3.04,37,1997,Public Health,Health
S201501947,2015,0,F,0,Black,MI,INST_05,Urban University E (Research),research,3.55,51,1997,Education,Other
S201501948,2015,0,F,0,White,IL,INST_03,Regional College C (Teaching),teaching,3.71,65,1997,Pre-Med,Health
S201501949,2015,0,M,0,Black,PA,INST_03,Regional College C (Teaching),teaching,4.0,66,1997,Sociology,Social Sciences
S201501950,2015,0,F,0,White,NC,INST_04,Regional College D (Teaching),teaching,3.65,58,1997,Biomedical Engineering,STEM
S201501951,2015,0,F,0,White,CA,INST_04,Regional College D (Teaching),teaching,2.98,57,1997,Biomedical Engineering,STEM
S201501952,2015,0,M,1,White,FL,INST_03,Regional College C (Teaching),teaching,3.95,64,1997,Accounting,Business
S201501953,2015,0,F,0,White,FL,INST_01,State University A (Research),research,3.05,43,1997,History,Humanities
S201501954,2015,1,M,1,Hispanic,TX,INST_03,Regional College C (Teaching),teaching,2.75,67,1997,Economics,Social Sciences
S201501955,2015,1,F,0,White,CA,INST_02,State University B (Research),research,1.69,63,1997,Pre-Med,Health
S201501956,2015,0,M,1,White,MI,INST_01,State University A (Research),research,3.71,37,1997,Anthropology,Social Sciences
S201501957,2015,0,F,1,Hispanic,NY,INST_02,State University B (Research),research,1.5,55,1997,Economics,Social Sciences
S201501958,2015,0,F,0,White,NJ,INST_02,State University B (Research),research,3.21,50,1997,Mechanical Engineering,STEM
S201501959,2015,0,M,0,White,TX,INST_05,Urban University E (Research),research,3.66,63,1997,Marketing,Business
S201501960,2015,0,F,0,White,NJ,INST_03,Regional College C (Teaching),teaching,4.0,37,1997,Communications,Other
S201501961,2015,1,M,0,White,FL,INST_03,Regional College C (Teaching),teaching,4.0,42,1997,Biomedical Engineering,STEM
S201501962,2015,0,M,0,White,NY,INST_02,State University B (Research),research,3.17,28,1997,Psychology,Social Sciences
S201501963,2015,1,M,0,White,GA,INST_03,Regional College C (Teaching),teaching,3.01,67,1997,Electrical Engineering,STEM
S201501964,2015,0,M,0,White,NC,INST_05,Urban University E (Research),research,3.08,69,1997,Physics,STEM
S201501965,2015,1,F,1,White,VA,INST_04,Regional College D (Teaching),teaching,2.62,51,1997,Anthropology,Social Sciences
S201501966,2015,0,F,1,Hispanic,MI,INST_03,Regional College C (Teaching),teaching,3.09,78,1997,Public Health,Health
S201501967,2015,1,M,0,White,NC,INST_03,Regional College C (Teaching),teaching,3.06,37,1997,Pre-Med,Health
S201501968,2015,0,M,1,White,CA,INST_03,Regional College C (Teaching),teaching,2.5,49,1997,Economics,Social Sciences
S201501969,2015,0,M,0,White,NY,INST_03,Regional College C (Teaching),teaching,3.79,25,1997,Nursing,Health
S201501970,2015,0,F,0,White,TX,INST_02,State University B (Research),research,2.79,48,1997,Political Science,Social Sciences
S201501971,2015,0,M,1,White,NY,INST_05,Urban University E (Research),research,1.87,55,1997,Management,Business
S201501972,2015,1,F,0,Asian,NC,INST_03,Regional College C (Teaching),teaching,3.71,43,1997,Psychology,Social Sciences
S201501973,2015,1,M,0,White,VA,INST_01,State University A (Research),research,4.0,50,1997,Electrical Engineering,STEM
S201501974,2015,0,F,0,Multi,FL,INST_02,State University B (Research),research,2.46,77,1997,Anthropology,Social Sciences
S201501975,2015,1,M,0,White,NY,INST_05,Urban University E (Research),research,2.81,67,1996,Civil Engineering,STEM
S201501976,2015,1,M,0,White,NC,INST_05,Urban University E (Research),research,2.96,57,1997,Mathematics,STEM
S201501977,2015,1,F,1,Hispanic,PA,INST_05,Urban University E (Research),research,3.32,65,1997,Biology,STEM
S201501978,2015,0,F,0,Hispanic,IL,INST_04,Regional College D (Teaching),teaching,3.07,50,1997,Electrical Engineering,STEM
S201501979,2015,0,F,0,White,FL,INST_03,Regional College C (Teaching),teaching,2.83,53,1997,Computer Science,STEM
S201501980,2015,1,M,0,White,NJ,INST_03,Regional College C (Teaching),teaching,3.88,46,1997,Anthropology,Social Sciences
S201501981,2015,1,F,0,Hispanic,NY,INST_01,State University A (Research),research,3.29,74,1997,Kinesiology,Health
S201501982,2015,1,M,1,Hispanic,FL,INST_04,Regional College D (Teaching),teaching,3.25,61,1997,Marketing,Business
S201501983,2015,0,F,1,Asian,TX,INST_02,State University B (Research),research,2.78,40,1997,Civil Engineering,STEM
S201501984,2015,0,M,0,Black,IL,INST_02,State University B (Research),research,4.0,54,1997,Anthropology,Social Sciences
S201501985,2015,1,F,0,Asian,VA,INST_05,Urban University E (Research),research,3.05,3,1997,Electrical Engineering,STEM
S201501986,2015,0,M,1,Hispanic,MI,INST_02,State University B (Research),research,3.63,51,1997,Biomedical Engineering,STEM
S201501987,2015,1,F,0,Black,VA,INST_04,Regional College D (Teaching),teaching,3.32,84,1997,Chemistry,STEM
S201501988,2015,1,F,0,White,PA,INST_03,Regional College C (Teaching),teaching,2.55,62,1997,Philosophy,Humanities
S201501989,2015,0,M,0,White,IL,INST_01,State University A (Research),research,2.28,55,1997,Education,Other
S201501990,2015,1,F,0,Hispanic,PA,INST_04,Regional College D (Teaching),teaching,4.0,71,1997,Economics-Bus,Business
S201501991,2015,0,F,0,Black,NC,INST_01,State University A (Research),research,2.78,76,1997,Statistics,STEM
S201501992,2015,1,F,0,Multi,FL,INST_02,State University B (Research),research,3.55,50,1997,Finance,Business
S201501993,2015,0,F,0,White,VA,INST_01,State University A (Research),research,3.42,54,1997,Psychology,Social Sciences
S201501994,2015,0,F,0,Multi,FL,INST_04,Regional College D (Teaching),teaching,2.86,72,1997,Civil Engineering,STEM
S201501995,2015,1,M,0,White,NC,INST_05,Urban University E (Research),research,3.07,46,1997,Mathematics,STEM
S201501996,2015,0,F,0,Hispanic,MI,INST_03,Regional College C (Teaching),teaching,3.01,68,1997,Economics-Bus,Business
S201501997,2015,0,M,0,White,NC,INST_01,State University A (Research),research,3.07,53,1997,Physics,STEM
S201501998,2015,0,M,0,White,TX,INST_01,State University A (Research),research,4.0,82,1997,Education,Other
S201501999,2015,0,M,0,White,GA,INST_04,Regional College D (Teaching),teaching,2.94,53,1997,Public Health,Health
S201502000,2015,1,M,1,White,NJ,INST_05,Urban University E (Research),research,3.07,95,1997,Mechanical Engineering,STEM
S201502001,2015,0,M,1,White,GA,INST_05,Urban University E (Research),research,2.79,97,1997,Psychology,Social Sciences
S201502002,2015,1,M,0,White,IL,INST_01,State University A (Research),research,3.28,66,1997,Anthropology,Social Sciences
S201502003,2015,0,M,0,White,FL,INST_05,Urban University E (Research),research,2.99,64,1997,Public Health,Health
S201502004,2015,0,F,0,White,FL,INST_02,State University B (Research),research,3.12,49,1997,History,Humanities
S201502005,2015,0,M,0,Black,VA,INST_02,State University B (Research),research,3.16,49,1997,Anthropology,Social Sciences
S201502006,2015,0,F,0,Black,NJ,INST_05,Urban University E (Research),research,4.0,63,1997,General Studies,Other
S201502007,2015,0,F,0,Hispanic,NY,INST_02,State University B (Research),research,3.47,49,1997,Nursing,Health
S201502008,2015,0,F,0,Hispanic,NJ,INST_02,State University B (Research),research,2.85,44,1997,Biomedical Engineering,STEM
S201502009,2015,1,M,0,White,CA,INST_01,State University A (Research),research,3.46,76,1997,Undeclared,Other
S201502010,2015,0,F,0,White,FL,INST_02,State University B (Research),research,3.04,63,1997,Economics,Social Sciences
S201502011,2015,1,M,0,Black,CA,INST_03,Regional College C (Teaching),teaching,3.37,31,1997,Chemistry,STEM
S201502012,2015,0,M,1,White,GA,INST_02,State University B (Research),research,3.91,84,1997,Accounting,Business
S201502013,2015,0,F,0,Hispanic,NC,INST_04,Regional College D (Teaching),teaching,3.11,90,1997,Psychology,Social Sciences
S201502014,2015,1,F,1,Black,IL,INST_01,State University A (Research),research,3.1,38,1997,Management,Business
S201502015,2015,0,M,0,Hispanic,CA,INST_02,State University B (Research),research,2.53,48,1997,Mechanical Engineering,STEM
S201502016,2015,0,F,1,Hispanic,MI,INST_05,Urban University E (Research),research,3.77,60,1997,Political Science,Social Sciences
S201502017,2015,1,M,1,White,NY,INST_03,Regional College C (Teaching),teaching,2.85,53,1997,Nursing,Health
S201502018,2015,1,M,1,Hispanic,TX,INST_02,State University B (Research),research,2.15,73,1997,Computer Science,STEM
S201502019,2015,0,F,0,Hispanic,OH,INST_03,Regional College C (Teaching),teaching,2.7,72,1997,Chemistry,STEM
S201502020,2015,1,M,0,Hispanic,NJ,INST_03,Regional College C (Teaching),teaching,3.63,56,1997,Education,Other
S201502021,2015,0,M,0,Black,TX,INST_04,Regional College D (Teaching),teaching,4.0,49,1997,Sociology,Social Sciences
S201502022,2015,0,F,0,Black,PA,INST_05,Urban University E (Research),research,2.77,31,1997,Chemistry,STEM
S201502023,2015,1,M,0,Black,NY,INST_03,Regional College C (Teaching),teaching,3.25,66,1997,Civil Engineering,STEM
S201502024,2015,0,M,0,White,IL,INST_03,Regional College C (Teaching),teaching,2.69,61,1997,Electrical Engineering,STEM
S201502025,2015,1,M,0,White,MI,INST_02,State University B (Research),research,3.08,68,1997,Political Science,Social Sciences
S201502026,2015,1,F,0,White,TX,INST_03,Regional College C (Teaching),teaching,2.67,66,1997,Psychology,Social Sciences
S201502027,2015,0,F,0,White,NC,INST_05,Urban University E (Research),research,3.47,18,1997,Computer Science,STEM
S201502028,2015,0,F,1,Black,GA,INST_01,State University A (Research),research,3.71,36,1997,Communications,Other
S201502029,2015,1,F,0,White,NC,INST_02,State University B (Research),research,3.6,50,1997,Pre-Med,Health
S201502030,2015,0,F,0,White,NJ,INST_04,Regional College D (Teaching),teaching,3.43,10,1997,General Studies,Other
S201502031,2015,1,M,0,White,NC,INST_01,State University A (Research),research,3.92,61,1997,Nursing,Health
S201502032,2015,0,F,0,Hispanic,MI,INST_03,Regional College C (Teaching),teaching,3.27,37,1997,Finance,Business
S201502033,2015,1,M,0,White,TX,INST_03,Regional College C (Teaching),teaching,3.17,30,1997,General Studies,Other
S201502034,2015,1,M,0,White,FL,INST_02,State University B (Research),research,2.02,40,1997,Accounting,Business
S201502035,2015,0,F,0,White,IL,INST_04,Regional College D (Teaching),teaching,2.53,68,1997,Economics,Social Sciences
S201502036,2015,1,F,0,White,NJ,INST_03,Regional College C (Teaching),teaching,3.55,74,1997,Marketing,Business
S201502037,2015,0,F,0,Black,VA,INST_03,Regional College C (Teaching),teaching,3.09,69,1997,Communications,Other
S201502038,2015,0,M,0,White,FL,INST_05,Urban University E (Research),research,2.96,92,1997,Psychology,Social Sciences
S201502039,2015,1,NB,1,White,GA,INST_03,Regional College C (Teaching),teaching,3.39,32,1997,Anthropology,Social Sciences
S201502040,2015,0,M,1,Hispanic,CA,INST_03,Regional College C (Teaching),teaching,3.0,69,1997,Pre-Med,Health
S201502041,2015,0,M,0,Black,IL,INST_02,State University B (Research),research,2.52,58,1997,Anthropology,Social Sciences
S201502042,2015,0,M,1,Hispanic,VA,INST_04,Regional College D (Teaching),teaching,3.2,34,1997,Accounting,Business
S201502043,2015,0,F,0,White,TX,INST_04,Regional College D (Teaching),teaching,3.7,55,1997,Marketing,Business
S201502044,2015,0,M,0,White,NY,INST_03,Regional College C (Teaching),teaching,3.13,55,1997,Electrical Engineering,STEM
S201502045,2015,0,M,0,White,IL,INST_01,State University A (Research),research,3.63,44,1997,Finance,Business
S201502046,2015,1,NB,0,Hispanic,OH,INST_05,Urban University E (Research),research,3.91,52,1997,Civil Engineering,STEM
S201502047,2015,0,M,0,White,GA,INST_02,State University B (Research),research,3.74,61,1997,Education,Other
S201502048,2015,1,F,1,White,TX,INST_05,Urban University E (Research),research,3.47,31,1997,Public Health,Health
S201502049,2015,1,F,0,White,FL,INST_01,State University A (Research),research,2.42,33,1997,History,Humanities
S201502050,2015,0,M,0,White,NY,INST_05,Urban University E (Research),research,3.49,46,1997,Psychology,Social Sciences
S201502051,2015,0,F,0,White,NY,INST_05,Urban University E (Research),research,3.58,17,1997,Civil Engineering,STEM
S201502052,2015,0,M,0,Asian,OH,INST_04,Regional College D (Teaching),teaching,3.73,58,1997,Economics-Bus,Business
S201502053,2015,0,M,0,White,PA,INST_03,Regional College C (Teaching),teaching,2.91,34,1997,Pre-Med,Health
S201502054,2015,1,M,0,White,IL,INST_05,Urban University E (Research),research,2.58,38,1996,Accounting,Business
S201502055,2015,1,M,0,White,CA,INST_04,Regional College D (Teaching),teaching,3.0,36,1997,Education,Other
S201502056,2015,1,M,1,White,MI,INST_04,Regional College D (Teaching),teaching,2.62,48,1997,Psychology,Social Sciences
S201502057,2015,1,F,0,White,PA,INST_03,Regional College C (Teaching),teaching,3.01,51,1997,Public Health,Health
S201502058,2015,0,F,0,Hispanic,VA,INST_03,Regional College C (Teaching),teaching,2.81,61,1997,Communications,Other
S201502059,2015,1,NB,0,Hispanic,NY,INST_05,Urban University E (Research),research,2.6,51,1997,Physics,STEM
S201502060,2015,0,F,0,White,CA,INST_04,Regional College D (Teaching),teaching,2.93,20,1997,Education,Other
S201502061,2015,0,M,0,Asian,NY,INST_02,State University B (Research),research,4.0,33,1997,Communications,Other
S201502062,2015,0,M,0,Multi,NC,INST_01,State University A (Research),research,3.59,70,1997,Sociology,Social Sciences
S201502063,2015,0,F,0,White,TX,INST_03,Regional College C (Teaching),teaching,2.14,45,1997,Kinesiology,Health
S201502064,2015,0,M,1,White,PA,INST_05,Urban University E (Research),research,2.14,32,1997,Biology,STEM
S201502065,2015,0,F,0,Black,TX,INST_02,State University B (Research),research,2.97,17,1997,Philosophy,Humanities
S201502066,2015,1,M,0,Hispanic,IL,INST_05,Urban University E (Research),research,3.36,46,1997,Chemistry,STEM
S201502067,2015,0,M,0,White,CA,INST_03,Regional College C (Teaching),teaching,3.36,80,1997,Economics-Bus,Business
S201502068,2015,1,M,0,White,VA,INST_04,Regional College D (Teaching),teaching,3.16,33,1997,Chemistry,STEM
S201502069,2015,1,F,1,Black,VA,INST_03,Regional College C (Teaching),teaching,3.16,87,1997,Mathematics,STEM
S201502070,2015,1,M,1,White,IL,INST_04,Regional College D (Teaching),teaching,2.47,27,1997,Chemistry,STEM
S201502071,2015,1,M,0,Asian,NC,INST_02,State University B (Research),research,3.09,52,1996,Computer Science,STEM
S201502072,2015,0,F,0,Hispanic,OH,INST_03,Regional College C (Teaching),teaching,2.59,57,1997,Political Science,Social Sciences
S201502073,2015,1,M,0,Black,CA,INST_01,State University A (Research),research,3.22,67,1997,Political Science,Social Sciences
S201502074,2015,1,M,0,White,FL,INST_01,State University A (Research),research,3.67,72,1997,Marketing,Business
S201502075,2015,0,M,0,White,IL,INST_02,State University B (Research),research,2.87,51,1997,Marketing,Business
S201502076,2015,0,M,1,White,PA,INST_01,State University A (Research),research,3.08,40,1997,Computer Science,STEM
S201502077,2015,0,F,0,Multi,PA,INST_01,State University A (Research),research,3.12,38,1997,Biomedical Engineering,STEM
S201502078,2015,0,M,0,Black,OH,INST_02,State University B (Research),research,3.29,40,1997,Biology,STEM
S201502079,2015,0,M,1,Hispanic,NC,INST_03,Regional College C (Teaching),teaching,3.64,47,1997,English,Humanities
S201502080,2015,0,M,0,Hispanic,OH,INST_04,Regional College D (Teaching),teaching,3.58,74,1997,Accounting,Business
S201502081,2015,0,M,0,White,PA,INST_04,Regional College D (Teaching),teaching,2.31,75,1997,Anthropology,Social Sciences
S201502082,2015,1,F,0,Hispanic,FL,INST_02,State University B (Research),research,3.09,64,1997,Anthropology,Social Sciences
S201502083,2015,0,M,1,Asian,OH,INST_01,State University A (Research),research,2.74,55,1997,Political Science,Social Sciences
S201502084,2015,0,M,0,White,NY,INST_05,Urban University E (Research),research,3.38,35,1997,Chemistry,STEM
S201502085,2015,0,M,0,Hispanic,GA,INST_02,State University B (Research),research,3.59,64,1997,Electrical Engineering,STEM
S201502086,2015,1,F,0,Hispanic,OH,INST_05,Urban University E (Research),research,3.01,74,1997,Marketing,Business
S201502087,2015,1,F,0,Multi,VA,INST_02,State University B (Research),research,2.71,48,1996,Psychology,Social Sciences
S201502088,2015,0,M,1,Asian,OH,INST_02,State University B (Research),research,3.52,50,1997,Marketing,Business
S201502089,2015,0,F,1,Black,FL,INST_04,Regional College D (Teaching),teaching,2.96,59,1996,Mathematics,STEM
S201502090,2015,1,F,1,White,FL,INST_04,Regional College D (Teaching),teaching,2.89,71,1996,Economics-Bus,Business
S201502091,2015,0,F,1,Black,OH,INST_01,State University A (Research),research,3.46,47,1997,Marketing,Business
S201502092,2015,0,F,1,White,NY,INST_05,Urban University E (Research),research,3.29,22,1997,Accounting,Business
S201502093,2015,0,F,1,Black,GA,INST_04,Regional College D (Teaching),teaching,2.96,41,1997,Biology,STEM
S201502094,2015,0,M,1,Hispanic,NC,INST_04,Regional College D (Teaching),teaching,2.81,25,1997,Education,Other
S201502095,2015,0,F,0,White,IL,INST_02,State University B (Research),research,2.84,41,1997,History,Humanities
S201502096,2015,0,M,0,White,OH,INST_04,Regional College D (Teaching),teaching,3.22,80,1997,Anthropology,Social Sciences
S201502097,2015,0,F,0,White,OH,INST_05,Urban University E (Research),research,2.12,50,1997,Physics,STEM
S201502098,2015,0,M,0,Black,NJ,INST_03,Regional College C (Teaching),teaching,3.05,61,1997,Philosophy,Humanities
S201502099,2015,0,F,0,Black,TX,INST_03,Regional College C (Teaching),teaching,3.21,75,1997,Education,Other
S201502100,2015,1,M,0,Unknown,IL,INST_01,State University A (Research),research,3.24,60,1997,Mechanical Engineering,STEM
S201502101,2015,0,M,1,Black,TX,INST_01,State University A (Research),research,3.55,21,1997,Nursing,Health
S201502102,2015,0,M,0,Black,PA,INST_02,State University B (Research),research,3.45,67,1997,Mechanical Engineering,STEM
S201502103,2015,0,F,0,Black,PA,INST_04,Regional College D (Teaching),teaching,2.29,37,1997,Finance,Business
S201502104,2015,1,M,0,Hispanic,NJ,INST_03,Regional College C (Teaching),teaching,2.48,52,1997,Accounting,Business
S201502105,2015,0,M,1,White,FL,INST_04,Regional College D (Teaching),teaching,2.9,58,1997,Finance,Business
S201502106,2015,1,M,0,White,OH,INST_02,State University B (Research),research,2.97,78,1997,Management,Business
S201502107,2015,1,F,1,White,CA,INST_04,Regional College D (Teaching),teaching,3.29,43,1997,Communications,Other
S201502108,2015,0,F,0,NHPI,NC,INST_02,State University B (Research),research,4.0,81,1997,Economics-Bus,Business
S201502109,2015,1,F,0,Black,FL,INST_04,Regional College D (Teaching),teaching,2.68,51,1997,Physics,STEM
S201502110,2015,0,F,0,White,OH,INST_02,State University B (Research),research,3.32,68,1997,Kinesiology,Health
S201502111,2015,1,M,0,White,FL,INST_05,Urban University E (Research),research,3.84,41,1997,Economics-Bus,Business
S201502112,2015,0,M,1,Hispanic,GA,INST_04,Regional College D (Teaching),teaching,2.91,56,1997,Kinesiology,Health
S201502113,2015,0,F,0,White,IL,INST_04,Regional College D (Teaching),teaching,2.74,80,1997,Sociology,Social Sciences
S201502114,2015,0,M,1,Multi,PA,INST_02,State University B (Research),research,2.86,69,1997,Communications,Other
S201502115,2015,1,M,0,White,CA,INST_04,Regional College D (Teaching),teaching,3.08,76,1997,Economics,Social Sciences
S201502116,2015,0,F,0,Unknown,PA,INST_02,State University B (Research),research,3.11,32,1997,Political Science,Social Sciences
S201502117,2015,0,F,1,White,CA,INST_01,State University A (Research),research,3.22,78,1997,Mathematics,STEM
S201502118,2015,1,NB,0,White,CA,INST_05,Urban University E (Research),research,3.08,37,1997,Accounting,Business
S201502119,2015,0,F,0,White,NC,INST_04,Regional College D (Teaching),teaching,3.71,71,1997,Biomedical Engineering,STEM
S201502120,2015,0,F,0,White,CA,INST_05,Urban University E (Research),research,3.25,42,1997,Kinesiology,Health
S201502121,2015,1,F,1,Black,IL,INST_04,Regional College D (Teaching),teaching,3.49,66,1997,Education,Other
S201502122,2015,1,M,0,White,PA,INST_05,Urban University E (Research),research,4.0,52,1997,Accounting,Business
S201502123,2015,0,F,0,White,NY,INST_05,Urban University E (Research),research,2.86,82,1997,Anthropology,Social Sciences
S201502124,2015,1,M,0,White,TX,INST_01,State University A (Research),research,3.54,46,1996,English,Humanities
S201502125,2015,1,M,0,Hispanic,OH,INST_01,State University A (Research),research,2.79,45,1997,Psychology,Social Sciences
S201502126,2015,0,F,0,Unknown,NJ,INST_04,Regional College D (Teaching),teaching,3.61,56,1997,Statistics,STEM
S201502127,2015,1,F,0,Asian,MI,INST_05,Urban University E (Research),research,3.26,45,1997,Economics,Social Sciences
S201502128,2015,0,F,0,Black,CA,INST_04,Regional College D (Teaching),teaching,3.72,83,1997,Accounting,Business
S201502129,2015,0,F,0,Black,IL,INST_01,State University A (Research),research,2.99,98,1997,Anthropology,Social Sciences
S201502130,2015,0,F,0,White,OH,INST_04,Regional College D (Teaching),teaching,3.3,47,1997,Economics-Bus,Business
S201502131,2015,1,F,1,Hispanic,IL,INST_02,State University B (Research),research,4.0,22,1997,Accounting,Business
S201502132,2015,0,M,0,Hispanic,FL,INST_05,Urban University E (Research),research,2.39,39,1997,Statistics,STEM
S201502133,2015,0,F,1,White,GA,INST_04,Regional College D (Teaching),teaching,2.99,58,1997,English,Humanities
S201502134,2015,0,M,1,White,NC,INST_04,Regional College D (Teaching),teaching,3.17,72,1997,Economics-Bus,Business
S201502135,2015,0,F,0,White,CA,INST_01,State University A (Research),research,2.94,63,1997,Biomedical Engineering,STEM
S201502136,2015,0,M,0,Black,NJ,INST_03,Regional College C (Teaching),teaching,3.97,60,1997,Biology,STEM
S201502137,2015,0,M,0,White,CA,INST_03,Regional College C (Teaching),teaching,2.53,28,1997,Nursing,Health
S201502138,2015,1,F,1,Hispanic,FL,INST_01,State University A (Research),research,3.5,67,1997,Nursing,Health
S201502139,2015,1,M,0,Hispanic,FL,INST_05,Urban University E (Research),research,2.94,68,1996,Pre-Med,Health
S201502140,2015,1,M,0,White,GA,INST_04,Regional College D (Teaching),teaching,3.58,64,1997,Nursing,Health
S201502141,2015,1,M,0,White,IL,INST_05,Urban University E (Research),research,3.44,38,1997,Economics,Social Sciences
S201502142,2015,1,M,1,Hispanic,IL,INST_03,Regional College C (Teaching),teaching,3.4,34,1997,Sociology,Social Sciences
S201502143,2015,0,M,0,Hispanic,FL,INST_04,Regional College D (Teaching),teaching,2.96,54,1997,Sociology,Social Sciences
S201502144,2015,0,M,1,Asian,GA,INST_02,State University B (Research),research,3.04,3,1997,Finance,Business
S201502145,2015,0,F,0,White,NJ,INST_05,Urban University E (Research),research,3.63,54,1997,Biomedical Engineering,STEM
S201502146,2015,0,F,0,White,PA,INST_04,Regional College D (Teaching),teaching,3.3,74,1997,Pre-Med,Health
S201502147,2015,0,M,1,Black,TX,INST_03,Regional College C (Teaching),teaching,3.64,35,1997,Political Science,Social Sciences
S201502148,2015,0,F,0,White,PA,INST_01,State University A (Research),research,3.64,45,1997,Kinesiology,Health
S201502149,2015,0,M,0,White,NY,INST_03,Regional College C (Teaching),teaching,2.44,49,1997,Economics,Social Sciences
S201502150,2015,1,M,1,White,PA,INST_02,State University B (Research),research,2.94,96,1997,Accounting,Business
S201502151,2015,1,M,0,White,NJ,INST_04,Regional College D (Teaching),teaching,2.86,78,1997,Biology,STEM
S201502152,2015,0,M,0,White,OH,INST_04,Regional College D (Teaching),teaching,3.69,76,1997,Biomedical Engineering,STEM
S201502153,2015,0,F,0,White,IL,INST_05,Urban University E (Research),research,3.75,44,1997,Communications,Other
S201502154,2015,0,M,0,White,MI,INST_04,Regional College D (Teaching),teaching,3.47,38,1997,Undeclared,Other
S201502155,2015,0,M,0,Multi,FL,INST_05,Urban University E (Research),research,3.59,5,1997,Chemistry,STEM
S201502156,2015,0,F,1,White,VA,INST_05,Urban University E (Research),research,3.49,23,1996,Communications,Other
S201502157,2015,0,M,0,White,VA,INST_02,State University B (Research),research,3.74,57,1997,Pre-Med,Health
S201502158,2015,1,M,0,Hispanic,CA,INST_05,Urban University E (Research),research,2.91,85,1997,Mechanical Engineering,STEM
S201502159,2015,1,M,0,Hispanic,IL,INST_03,Regional College C (Teaching),teaching,2.86,35,1997,Electrical Engineering,STEM
S201502160,2015,0,F,0,White,NC,INST_02,State University B (Research),research,3.35,49,1997,Spanish,Humanities
S201502161,2015,0,M,0,Black,PA,INST_04,Regional College D (Teaching),teaching,3.26,22,1997,Civil Engineering,STEM
S201502162,2015,1,M,0,White,MI,INST_05,Urban University E (Research),research,2.33,73,1997,Kinesiology,Health
S201502163,2015,1,F,0,Hispanic,CA,INST_04,Regional College D (Teaching),teaching,3.75,12,1997,Biomedical Engineering,STEM
S201502164,2015,1,F,1,Multi,MI,INST_04,Regional College D (Teaching),teaching,2.99,64,1997,Computer Science,STEM
S201502165,2015,1,M,0,White,FL,INST_04,Regional College D (Teaching),teaching,3.58,99,1997,Management,Business
S201502166,2015,0,F,0,Asian,VA,INST_03,Regional College C (Teaching),teaching,3.69,57,1997,Mathematics,STEM
S201502167,2015,1,M,0,AIAN,TX,INST_03,Regional College C (Teaching),teaching,3.68,15,1997,Mechanical Engineering,STEM
S201502168,2015,0,M,0,Black,CA,INST_02,State University B (Research),research,3.35,6,1997,History,Humanities
S201502169,2015,0,M,0,Asian,CA,INST_01,State University A (Research),research,3.12,85,1997,Economics,Social Sciences
S201502170,2015,0,M,0,White,PA,INST_04,Regional College D (Teaching),teaching,3.16,48,1997,Mechanical Engineering,STEM
S201502171,2015,0,F,0,Hispanic,FL,INST_05,Urban University E (Research),research,3.49,44,1997,Pre-Med,Health
S201502172,2015,0,M,0,White,MI,INST_04,Regional College D (Teaching),teaching,3.65,57,1997,Physics,STEM
S201502173,2015,0,M,0,Black,VA,INST_04,Regional College D (Teaching),teaching,3.76,87,1996,Mechanical Engineering,STEM
S201502174,2015,1,F,1,Multi,CA,INST_02,State University B (Research),research,1.96,54,1997,Mechanical Engineering,STEM
S201502175,2015,1,F,1,White,IL,INST_05,Urban University E (Research),research,3.07,50,1997,Nursing,Health
S201502176,2015,1,F,0,White,GA,INST_04,Regional College D (Teaching),teaching,3.78,29,1997,Management,Business
S201502177,2015,1,M,0,Hispanic,FL,INST_01,State University A (Research),research,3.88,17,1997,Management,Business
S201502178,2015,0,M,0,White,PA,INST_05,Urban University E (Research),research,3.75,39,1997,Spanish,Humanities
S201502179,2015,1,F,0,White,FL,INST_01,State University A (Research),research,2.68,34,1997,Chemistry,STEM
S201502180,2015,1,M,0,White,IL,INST_04,Regional College D (Teaching),teaching,2.58,60,1997,Chemistry,STEM
S201502181,2015,1,F,1,Black,FL,INST_04,Regional College D (Teaching),teaching,2.81,47,1997,Marketing,Business
S201502182,2015,0,F,0,Hispanic,PA,INST_05,Urban University E (Research),research,2.16,51,1997,Mechanical Engineering,STEM
S201502183,2015,0,M,0,White,NY,INST_02,State University B (Research),research,3.13,47,1997,Economics-Bus,Business
S201502184,2015,1,F,1,White,IL,INST_04,Regional College D (Teaching),teaching,3.11,34,1997,Sociology,Social Sciences
S201502185,2015,1,M,0,White,GA,INST_01,State University A (Research),research,3.17,52,1997,Management,Business
S201502186,2015,0,M,1,Black,OH,INST_01,State University A (Research),research,3.35,52,1997,Economics-Bus,Business
S201502187,2015,1,F,1,Asian,PA,INST_04,Regional College D (Teaching),teaching,3.11,30,1997,Economics,Social Sciences
S201502188,2015,0,M,1,Hispanic,GA,INST_01,State University A (Research),research,2.77,55,1997,Mechanical Engineering,STEM
S201502189,2015,0,M,0,White,IL,INST_05,Urban University E (Research),research,4.0,50,1997,Biomedical Engineering,STEM
S201502190,2015,0,M,1,Asian,NC,INST_04,Regional College D (Teaching),teaching,2.95,32,1997,Mathematics,STEM
S201502191,2015,0,M,0,White,TX,INST_05,Urban University E (Research),research,2.75,38,1997,Mathematics,STEM
S201502192,2015,1,F,0,Hispanic,NY,INST_02,State University B (Research),research,2.96,46,1997,Public Health,Health
S201502193,2015,0,F,0,White,NC,INST_05,Urban University E (Research),research,2.58,44,1997,Communications,Other
S201502194,2015,1,M,0,White,TX,INST_01,State University A (Research),research,3.47,64,1997,Psychology,Social Sciences
S201502195,2015,1,M,1,Asian,FL,INST_05,Urban University E (Research),research,1.95,36,1997,Civil Engineering,STEM
S201502196,2015,0,F,0,Hispanic,MI,INST_01,State University A (Research),research,2.7,43,1997,General Studies,Other
S201502197,2015,0,F,0,Unknown,OH,INST_01,State University A (Research),research,3.65,37,1997,Chemistry,STEM
S201502198,2015,1,F,0,White,IL,INST_02,State University B (Research),research,3.27,38,1997,Education,Other
S201502199,2015,0,F,0,White,OH,INST_04,Regional College D (Teaching),teaching,3.64,81,1997,Undeclared,Other
S201502200,2015,0,F,1,White,VA,INST_01,State University A (Research),research,3.17,45,1997,Computer Science,STEM
S201502201,2015,0,F,0,White,CA,INST_04,Regional College D (Teaching),teaching,2.79,46,1997,History,Humanities
S201502202,2015,0,F,0,Hispanic,FL,INST_04,Regional College D (Teaching),teaching,3.77,34,1997,Mathematics,STEM
S201502203,2015,0,M,1,Asian,CA,INST_05,Urban University E (Research),research,2.88,54,1997,General Studies,Other
S201502204,2015,0,M,1,White,GA,INST_05,Urban University E (Research),research,3.25,52,1997,Mechanical Engineering,STEM
S201502205,2015,0,F,1,White,FL,INST_04,Regional College D (Teaching),teaching,3.44,64,1997,Civil Engineering,STEM
S201502206,2015,1,M,0,Black,FL,INST_03,Regional College C (Teaching),teaching,3.07,56,1997,Kinesiology,Health
S201502207,2015,1,M,1,Asian,NJ,INST_04,Regional College D (Teaching),teaching,3.52,66,1997,Philosophy,Humanities
S201502208,2015,0,M,1,White,CA,INST_02,State University B (Research),research,2.88,69,1997,Economics-Bus,Business
S201502209,2015,0,F,0,Black,CA,INST_02,State University B (Research),research,3.24,83,1997,Biomedical Engineering,STEM
S201502210,2015,0,M,0,White,GA,INST_04,Regional College D (Teaching),teaching,2.52,41,1997,Physics,STEM
S201502211,2015,1,F,1,Hispanic,CA,INST_02,State University B (Research),research,3.34,57,1997,Education,Other
S201502212,2015,1,F,1,Asian,FL,INST_04,Regional College D (Teaching),teaching,3.6,50,1997,Sociology,Social Sciences
S201502213,2015,0,F,0,Black,FL,INST_02,State University B (Research),research,2.94,76,1997,Anthropology,Social Sciences
S201502214,2015,0,M,1,White,GA,INST_05,Urban University E (Research),research,3.07,74,1997,General Studies,Other
S201502215,2015,0,F,0,White,NY,INST_02,State University B (Research),research,3.44,54,1997,Kinesiology,Health
S201502216,2015,1,M,1,White,CA,INST_02,State University B (Research),research,2.36,46,1997,General Studies,Other
S201502217,2015,0,F,0,Black,NY,INST_02,State University B (Research),research,3.57,42,1997,Biomedical Engineering,STEM
S201502218,2015,1,M,1,White,VA,INST_03,Regional College C (Teaching),teaching,2.76,47,1997,Civil Engineering,STEM
S201502219,2015,0,M,0,White,IL,INST_03,Regional College C (Teaching),teaching,3.18,39,1997,Finance,Business
S201502220,2015,0,F,0,White,IL,INST_03,Regional College C (Teaching),teaching,2.51,84,1997,Nursing,Health
S201502221,2015,1,M,1,Black,GA,INST_02,State University B (Research),research,3.35,90,1997,Art History,Humanities
S201502222,2015,1,M,0,White,PA,INST_01,State University A (Research),research,2.52,13,1997,Education,Other
S201502223,2015,1,M,1,White,TX,INST_02,State University B (Research),research,4.0,73,1997,Education,Other
S201502224,2015,1,M,1,White,OH,INST_03,Regional College C (Teaching),teaching,3.2,61,1997,Biomedical Engineering,STEM
S201502225,2015,0,F,1,White,VA,INST_03,Regional College C (Teaching),teaching,3.59,42,1997,Civil Engineering,STEM
S201502226,2015,0,M,1,Hispanic,GA,INST_02,State University B (Research),research,2.91,49,1997,Mechanical Engineering,STEM
S201502227,2015,0,M,0,Black,NY,INST_05,Urban University E (Research),research,3.1,44,1997,Biomedical Engineering,STEM
S201502228,2015,1,M,0,White,IL,INST_04,Regional College D (Teaching),teaching,3.18,44,1997,Biomedical Engineering,STEM
S201502229,2015,0,M,0,Unknown,MI,INST_05,Urban University E (Research),research,2.5,66,1997,Civil Engineering,STEM
S201502230,2015,1,F,0,White,TX,INST_03,Regional College C (Teaching),teaching,3.8,61,1997,Communications,Other
S201502231,2015,0,F,0,White,VA,INST_01,State University A (Research),research,3.23,73,1997,Political Science,Social Sciences
S201502232,2015,0,M,0,White,OH,INST_04,Regional College D (Teaching),teaching,3.45,75,1997,Finance,Business
S201502233,2015,1,F,0,Hispanic,NJ,INST_04,Regional College D (Teaching),teaching,3.52,42,1997,Political Science,Social Sciences
S201502234,2015,0,F,1,Hispanic,NC,INST_05,Urban University E (Research),research,3.13,38,1997,Sociology,Social Sciences
S201502235,2015,1,F,1,Hispanic,FL,INST_02,State University B (Research),research,2.79,73,1997,Biology,STEM
S201502236,2015,0,F,0,White,GA,INST_05,Urban University E (Research),research,3.63,60,1997,Sociology,Social Sciences
S201502237,2015,0,F,0,White,NJ,INST_01,State University A (Research),research,3.94,35,1997,Art History,Humanities
S201502238,2015,1,F,1,White,NC,INST_01,State University A (Research),research,3.19,69,1997,Public Health,Health
S201502239,2015,1,F,0,Black,PA,INST_02,State University B (Research),research,3.47,51,1997,Anthropology,Social Sciences
S201502240,2015,0,F,0,White,VA,INST_02,State University B (Research),research,3.22,55,1997,Kinesiology,Health
S201502241,2015,0,F,1,Black,VA,INST_05,Urban University E (Research),research,2.98,43,1997,Public Health,Health
S201502242,2015,0,M,1,White,OH,INST_05,Urban University E (Research),research,3.06,3,1997,Economics,Social Sciences
S201502243,2015,0,F,0,White,NJ,INST_03,Regional College C (Teaching),teaching,3.14,45,1997,Psychology,Social Sciences
S201502244,2015,0,M,1,White,OH,INST_05,Urban University E (Research),research,2.81,68,1997,Economics-Bus,Business
S201502245,2015,0,F,0,Hispanic,MI,INST_03,Regional College C (Teaching),teaching,3.67,55,1997,Education,Other
S201502246,2015,0,F,0,Hispanic,FL,INST_02,State University B (Research),research,3.39,61,1997,Management,Business
S201502247,2015,1,F,1,White,OH,INST_02,State University B (Research),research,2.37,60,1997,Chemistry,STEM
S201502248,2015,0,M,0,White,VA,INST_02,State University B (Research),research,3.82,33,1997,Management,Business
S201502249,2015,0,F,0,White,TX,INST_05,Urban University E (Research),research,3.24,48,1997,Statistics,STEM
S201502250,2015,0,F,1,Asian,CA,INST_04,Regional College D (Teaching),teaching,3.33,52,1997,General Studies,Other
S201502251,2015,1,F,0,White,GA,INST_02,State University B (Research),research,2.73,59,1997,Biomedical Engineering,STEM
S201502252,2015,0,F,0,White,NJ,INST_04,Regional College D (Teaching),teaching,2.69,64,1997,Physics,STEM
S201502253,2015,0,M,0,Black,VA,INST_02,State University B (Research),research,2.97,70,1997,Pre-Med,Health
S201502254,2015,1,M,1,White,NY,INST_05,Urban University E (Research),research,3.85,56,1997,Civil Engineering,STEM
S201502255,2015,1,M,0,White,PA,INST_02,State University B (Research),research,3.02,16,1997,Finance,Business
S201502256,2015,0,M,0,White,GA,INST_01,State University A (Research),research,3.43,77,1997,Accounting,Business
S201502257,2015,1,F,0,Black,IL,INST_01,State University A (Research),research,3.07,41,1997,Sociology,Social Sciences
S201502258,2015,0,M,1,White,PA,INST_04,Regional College D (Teaching),teaching,2.93,46,1997,Economics-Bus,Business
S201502259,2015,0,F,1,White,VA,INST_05,Urban University E (Research),research,4.0,35,1997,Nursing,Health
S201502260,2015,0,M,0,Asian,TX,INST_03,Regional College C (Teaching),teaching,2.67,62,1997,English,Humanities
S201502261,2015,0,F,0,Hispanic,VA,INST_03,Regional College C (Teaching),teaching,3.16,50,1997,Undeclared,Other
S201502262,2015,1,F,0,Asian,VA,INST_02,State University B (Research),research,3.47,57,1996,Sociology,Social Sciences
S201502263,2015,1,F,0,White,NY,INST_01,State University A (Research),research,2.55,67,1997,Statistics,STEM
S201502264,2015,0,M,0,Black,FL,INST_04,Regional College D (Teaching),teaching,3.14,40,1997,Finance,Business
S201502265,2015,0,F,0,Black,PA,INST_04,Regional College D (Teaching),teaching,3.43,76,1997,Undeclared,Other
S201502266,2015,1,F,1,Hispanic,CA,INST_01,State University A (Research),research,3.44,47,1997,Marketing,Business
S201502267,2015,1,M,1,Asian,GA,INST_01,State University A (Research),research,3.15,69,1997,Nursing,Health
S201502268,2015,1,F,0,Black,MI,INST_01,State University A (Research),research,2.63,25,1997,Psychology,Social Sciences
S201502269,2015,0,F,0,White,NC,INST_04,Regional College D (Teaching),teaching,3.44,34,1997,Economics,Social Sciences
S201502270,2015,1,F,0,White,FL,INST_01,State University A (Research),research,3.76,50,1997,History,Humanities
S201502271,2015,0,F,1,White,FL,INST_02,State University B (Research),research,3.66,48,1997,Undeclared,Other
S201502272,2015,0,F,1,White,OH,INST_04,Regional College D (Teaching),teaching,3.69,62,1997,Marketing,Business
S201502273,2015,0,F,0,White,VA,INST_04,Regional College D (Teaching),teaching,3.42,80,1997,Mechanical Engineering,STEM
S201502274,2015,1,F,1,White,NJ,INST_04,Regional College D (Teaching),teaching,4.0,41,1997,History,Humanities
S201502275,2015,0,F,0,White,NC,INST_05,Urban University E (Research),research,3.48,66,1997,Nursing,Health
S201502276,2015,0,M,0,White,TX,INST_05,Urban University E (Research),research,3.5,72,1997,Political Science,Social Sciences
S201502277,2015,1,M,1,Black,VA,INST_03,Regional College C (Teaching),teaching,2.71,25,1997,Finance,Business
S201502278,2015,0,M,0,White,VA,INST_04,Regional College D (Teaching),teaching,4.0,76,1997,General Studies,Other
S201502279,2015,1,M,0,White,NJ,INST_03,Regional College C (Teaching),teaching,4.0,53,1997,Pre-Med,Health
S201502280,2015,1,F,0,Black,NY,INST_02,State University B (Research),research,3.73,61,1997,Pre-Med,Health
S201502281,2015,1,M,0,Black,TX,INST_05,Urban University E (Research),research,3.26,44,1997,Mechanical Engineering,STEM
S201502282,2015,1,M,0,Hispanic,NC,INST_05,Urban University E (Research),research,3.44,36,1997,Computer Science,STEM
S201502283,2015,0,M,0,Asian,OH,INST_02,State University B (Research),research,3.28,48,1997,Education,Other
S201502284,2015,0,F,0,White,TX,INST_03,Regional College C (Teaching),teaching,3.29,60,1997,General Studies,Other
S201502285,2015,1,F,0,Hispanic,NC,INST_04,Regional College D (Teaching),teaching,3.81,57,1997,Chemistry,STEM
S201502286,2015,0,F,1,Multi,FL,INST_01,State University A (Research),research,3.47,33,1997,Civil Engineering,STEM
S201502287,2015,1,F,1,Multi,VA,INST_04,Regional College D (Teaching),teaching,2.95,53,1997,Public Health,Health
S201502288,2015,0,M,0,AIAN,OH,INST_04,Regional College D (Teaching),teaching,4.0,84,1997,Marketing,Business
S201502289,2015,1,M,0,White,IL,INST_03,Regional College C (Teaching),teaching,2.51,45,1997,Economics-Bus,Business
S201502290,2015,1,M,0,White,MI,INST_04,Regional College D (Teaching),teaching,3.41,40,1997,Management,Business
S201502291,2015,0,M,1,Asian,GA,INST_04,Regional College D (Teaching),teaching,3.41,80,1997,Economics,Social Sciences
S201502292,2015,1,F,0,Multi,NY,INST_01,State University A (Research),research,3.84,32,1997,Biomedical Engineering,STEM
S201502293,2015,0,M,1,White,VA,INST_05,Urban University E (Research),research,3.45,99,1997,Civil Engineering,STEM
S201502294,2015,0,F,0,White,IL,INST_02,State University B (Research),research,2.85,31,1997,Management,Business
S201502295,2015,0,F,0,White,NY,INST_03,Regional College C (Teaching),teaching,2.84,82,1997,Public Health,Health
S201502296,2015,0,F,1,Black,TX,INST_05,Urban University E (Research),research,3.69,32,1997,Nursing,Health
S201502297,2015,1,M,0,Hispanic,NY,INST_01,State University A (Research),research,3.01,37,1997,Spanish,Humanities
S201502298,2015,0,M,0,Black,CA,INST_04,Regional College D (Teaching),teaching,3.04,47,1997,Biology,STEM
S201502299,2015,0,F,0,Black,GA,INST_01,State University A (Research),research,3.82,37,1997,Public Health,Health
S201502300,2015,0,M,0,White,GA,INST_04,Regional College D (Teaching),teaching,2.73,71,1997,Marketing,Business
S201502301,2015,0,M,0,White,NY,INST_02,State University B (Research),research,3.79,47,1997,Sociology,Social Sciences
S201502302,2015,0,F,0,White,NC,INST_01,State University A (Research),research,3.33,53,1997,Economics,Social Sciences
S201502303,2015,0,M,0,White,CA,INST_04,Regional College D (Teaching),teaching,3.4,78,1997,Nursing,Health
S201502304,2015,0,F,1,White,NJ,INST_01,State University A (Research),research,4.0,84,1997,Economics,Social Sciences
S201502305,2015,0,F,0,Asian,CA,INST_05,Urban University E (Research),research,3.28,58,1997,Nursing,Health
S201502306,2015,0,M,0,White,OH,INST_01,State University A (Research),research,3.37,68,1997,Kinesiology,Health
S201502307,2015,1,F,0,White,NC,INST_01,State University A (Research),research,2.73,56,1997,Marketing,Business
S201502308,2015,0,M,0,Asian,IL,INST_01,State University A (Research),research,2.58,63,1997,Biology,STEM
S201502309,2015,0,F,1,Multi,NJ,INST_05,Urban University E (Research),research,2.94,52,1997,Undeclared,Other
S201502310,2015,1,M,1,Hispanic,NJ,INST_02,State University B (Research),research,3.36,37,1997,Education,Other
S201502311,2015,1,M,1,Hispanic,NJ,INST_04,Regional College D (Teaching),teaching,3.4,47,1997,Pre-Med,Health
S201502312,2015,0,F,0,Black,IL,INST_01,State University A (Research),research,2.69,23,1997,Computer Science,STEM
S201502313,2015,0,M,1,White,CA,INST_03,Regional College C (Teaching),teaching,3.3,76,1997,Pre-Med,Health
S201502314,2015,0,F,1,Asian,FL,INST_03,Regional College C (Teaching),teaching,3.25,47,1997,Chemistry,STEM
S201502315,2015,1,F,0,Asian,FL,INST_01,State University A (Research),research,3.12,70,1997,Psychology,Social Sciences
S201502316,2015,0,F,0,White,NY,INST_01,State University A (Research),research,3.43,20,1997,Public Health,Health
S201502317,2015,0,M,0,Unknown,CA,INST_01,State University A (Research),research,3.15,85,1997,Anthropology,Social Sciences
S201502318,2015,0,F,0,White,IL,INST_03,Regional College C (Teaching),teaching,2.49,44,1997,Physics,STEM
S201502319,2015,0,M,0,White,FL,INST_04,Regional College D (Teaching),teaching,2.7,43,1997,Physics,STEM
S201502320,2015,0,M,0,Hispanic,MI,INST_02,State University B (Research),research,2.92,81,1997,Pre-Med,Health
S201502321,2015,0,F,0,Black,GA,INST_03,Regional College C (Teaching),teaching,3.56,52,1997,Statistics,STEM
S201502322,2015,1,M,1,White,GA,INST_04,Regional College D (Teaching),teaching,2.71,55,1997,Statistics,STEM
S201502323,2015,1,M,1,White,VA,INST_02,State University B (Research),research,2.73,30,1997,Computer Science,STEM
S201502324,2015,1,F,0,Hispanic,FL,INST_05,Urban University E (Research),research,3.82,42,1997,Biology,STEM
S201502325,2015,1,M,1,White,FL,INST_03,Regional College C (Teaching),teaching,3.08,81,1997,Kinesiology,Health
S201502326,2015,1,M,0,Hispanic,FL,INST_02,State University B (Research),research,3.44,71,1997,Undeclared,Other
S201502327,2015,1,M,1,White,NY,INST_04,Regional College D (Teaching),teaching,2.92,65,1997,Physics,STEM
S201502328,2015,0,M,0,White,MI,INST_03,Regional College C (Teaching),teaching,2.76,55,1997,Philosophy,Humanities
S201502329,2015,0,F,0,Asian,MI,INST_03,Regional College C (Teaching),teaching,4.0,94,1997,Physics,STEM
S201502330,2015,0,F,0,Black,FL,INST_02,State University B (Research),research,4.0,49,1997,Mathematics,STEM
S201502331,2015,0,F,0,Black,TX,INST_02,State University B (Research),research,4.0,30,1997,Electrical Engineering,STEM
S201502332,2015,0,M,0,White,TX,INST_05,Urban University E (Research),research,3.26,77,1997,Mechanical Engineering,STEM
S201502333,2015,0,M,0,White,OH,INST_03,Regional College C (Teaching),teaching,3.17,15,1997,Civil Engineering,STEM
S201502334,2015,1,M,1,Hispanic,FL,INST_01,State University A (Research),research,3.32,62,1997,Marketing,Business
S201502335,2015,1,M,0,Hispanic,IL,INST_05,Urban University E (Research),research,3.56,38,1997,English,Humanities
S201502336,2015,1,F,0,White,CA,INST_01,State University A (Research),research,3.63,80,1997,Political Science,Social Sciences
S201502337,2015,1,F,1,White,CA,INST_04,Regional College D (Teaching),teaching,1.85,72,1997,Kinesiology,Health
S201502338,2015,0,F,1,Hispanic,NJ,INST_04,Regional College D (Teaching),teaching,3.77,56,1997,Accounting,Business
S201502339,2015,1,M,0,Black,GA,INST_04,Regional College D (Teaching),teaching,3.36,51,1997,Statistics,STEM
S201502340,2015,0,F,0,Black,FL,INST_01,State University A (Research),research,3.37,30,1996,Mathematics,STEM
S201502341,2015,0,F,0,White,GA,INST_02,State University B (Research),research,3.63,62,1997,Economics,Social Sciences
S201502342,2015,1,F,0,Hispanic,GA,INST_01,State University A (Research),research,2.84,27,1997,Civil Engineering,STEM
S201502343,2015,1,M,1,White,MI,INST_03,Regional College C (Teaching),teaching,3.46,81,1997,Finance,Business
S201502344,2015,0,M,1,White,GA,INST_02,State University B (Research),research,2.51,49,1997,Education,Other
S201502345,2015,0,M,0,Asian,NC,INST_01,State University A (Research),research,2.89,82,1997,History,Humanities
S201502346,2015,0,F,0,Asian,NY,INST_04,Regional College D (Teaching),teaching,2.83,79,1997,Political Science,Social Sciences
S201502347,2015,0,F,0,Black,MI,INST_01,State University A (Research),research,3.25,59,1996,Accounting,Business
S201502348,2015,0,F,1,Asian,TX,INST_05,Urban University E (Research),research,2.8,27,1997,Economics-Bus,Business
S201502349,2015,0,F,1,White,PA,INST_03,Regional College C (Teaching),teaching,3.32,61,1997,Political Science,Social Sciences
S201502350,2015,0,M,1,Black,NC,INST_03,Regional College C (Teaching),teaching,2.88,74,1997,Undeclared,Other
S201502351,2015,0,F,0,White,PA,INST_02,State University B (Research),research,3.22,59,1997,Public Health,Health
S201502352,2015,0,M,0,Asian,VA,INST_01,State University A (Research),research,3.25,29,1997,General Studies,Other
S201502353,2015,1,M,1,Hispanic,PA,INST_05,Urban University E (Research),research,2.92,67,1997,Civil Engineering,STEM
S201502354,2015,0,M,0,Black,CA,INST_05,Urban University E (Research),research,3.39,27,1997,General Studies,Other
S201502355,2015,0,M,0,White,TX,INST_02,State University B (Research),research,3.27,80,1997,Physics,STEM
S201502356,2015,0,F,0,White,FL,INST_04,Regional College D (Teaching),teaching,4.0,57,1997,Public Health,Health
S201502357,2015,0,M,0,Hispanic,CA,INST_05,Urban University E (Research),research,3.25,24,1997,Kinesiology,Health
S201502358,2015,0,F,0,Black,GA,INST_01,State University A (Research),research,3.35,3,1997,Marketing,Business
S201502359,2015,0,F,1,White,NY,INST_03,Regional College C (Teaching),teaching,2.9,50,1997,Civil Engineering,STEM
S201502360,2015,1,F,0,White,VA,INST_05,Urban University E (Research),research,2.95,40,1997,Nursing,Health
S201502361,2015,0,M,0,White,FL,INST_05,Urban University E (Research),research,4.0,52,1997,Anthropology,Social Sciences
S201502362,2015,0,M,1,White,FL,INST_04,Regional College D (Teaching),teaching,3.26,39,1997,Economics,Social Sciences
S201502363,2015,1,F,0,White,NC,INST_05,Urban University E (Research),research,3.53,32,1997,Kinesiology,Health
S201502364,2015,0,M,0,Black,OH,INST_04,Regional College D (Teaching),teaching,3.18,68,1997,Biology,STEM
S201502365,2015,0,M,1,Black,GA,INST_05,Urban University E (Research),research,3.99,33,1997,Art History,Humanities
S201502366,2015,1,F,0,Hispanic,GA,INST_03,Regional College C (Teaching),teaching,2.7,62,1997,Computer Science,STEM
S201502367,2015,0,F,0,White,CA,INST_05,Urban University E (Research),research,3.1,40,1997,Finance,Business
S201502368,2015,0,F,0,White,NY,INST_01,State University A (Research),research,2.97,52,1997,English,Humanities
S201502369,2015,0,M,0,Hispanic,NC,INST_05,Urban University E (Research),research,3.53,49,1997,Public Health,Health
S201502370,2015,0,M,0,Hispanic,NY,INST_02,State University B (Research),research,3.83,71,1997,Psychology,Social Sciences
S201502371,2015,0,M,0,Asian,PA,INST_03,Regional College C (Teaching),teaching,3.3,27,1997,Education,Other
S201502372,2015,1,M,0,White,CA,INST_05,Urban University E (Research),research,2.36,53,1997,Computer Science,STEM
S201502373,2015,1,F,0,Hispanic,TX,INST_02,State University B (Research),research,3.48,64,1997,Chemistry,STEM
S201502374,2015,1,F,0,Black,GA,INST_03,Regional College C (Teaching),teaching,2.99,54,1997,Marketing,Business
S201502375,2015,0,F,0,Hispanic,GA,INST_01,State University A (Research),research,3.45,72,1997,English,Humanities
S201502376,2015,0,M,0,Hispanic,PA,INST_03,Regional College C (Teaching),teaching,2.02,85,1997,Computer Science,STEM
S201502377,2015,1,F,0,White,NY,INST_05,Urban University E (Research),research,3.05,49,1997,Accounting,Business
S201502378,2015,1,M,0,White,CA,INST_02,State University B (Research),research,2.84,49,1997,Undeclared,Other
S201502379,2015,0,F,0,Hispanic,VA,INST_01,State University A (Research),research,2.15,62,1997,Biomedical Engineering,STEM
S201502380,2015,0,M,0,White,PA,INST_03,Regional College C (Teaching),teaching,3.52,35,1997,Education,Other
S201502381,2015,1,F,0,White,TX,INST_02,State University B (Research),research,2.99,74,1997,Communications,Other
S201502382,2015,1,F,1,Black,NY,INST_01,State University A (Research),research,2.9,11,1997,Accounting,Business
S201502383,2015,1,F,0,Black,NC,INST_05,Urban University E (Research),research,3.23,69,1997,Accounting,Business
S201502384,2015,0,F,0,White,VA,INST_01,State University A (Research),research,3.17,46,1997,Chemistry,STEM
S201502385,2015,0,F,0,Black,VA,INST_01,State University A (Research),research,2.86,81,1997,Psychology,Social Sciences
S201502386,2015,1,F,0,Hispanic,FL,INST_05,Urban University E (Research),research,3.13,26,1997,Sociology,Social Sciences
S201502387,2015,0,M,0,White,IL,INST_02,State University B (Research),research,3.72,47,1997,Civil Engineering,STEM
S201502388,2015,0,F,0,White,GA,INST_04,Regional College D (Teaching),teaching,3.1,68,1997,Philosophy,Humanities
S201502389,2015,0,F,0,White,MI,INST_03,Regional College C (Teaching),teaching,3.49,99,1997,Chemistry,STEM
S201502390,2015,1,M,1,White,TX,INST_01,State University A (Research),research,2.76,49,1997,Management,Business
S201502391,2015,0,M,0,White,OH,INST_01,State University A (Research),research,3.55,82,1997,Psychology,Social Sciences
S201502392,2015,0,M,0,Hispanic,MI,INST_03,Regional College C (Teaching),teaching,3.81,66,1997,Accounting,Business
S201502393,2015,0,M,0,Multi,FL,INST_04,Regional College D (Teaching),teaching,3.11,97,1997,Physics,STEM
S201502394,2015,1,M,0,White,GA,INST_05,Urban University E (Research),research,2.76,75,1997,Art History,Humanities
S201502395,2015,0,F,1,Black,CA,INST_04,Regional College D (Teaching),teaching,2.54,9,1997,Political Science,Social Sciences
S201502396,2015,1,F,1,Hispanic,GA,INST_01,State University A (Research),research,3.47,74,1997,Computer Science,STEM
S201502397,2015,0,F,1,Asian,VA,INST_04,Regional College D (Teaching),teaching,3.24,72,1997,Mechanical Engineering,STEM
S201502398,2015,0,M,1,White,TX,INST_02,State University B (Research),research,3.57,67,1997,Sociology,Social Sciences
S201502399,2015,0,F,0,Asian,FL,INST_01,State University A (Research),research,3.02,63,1997,Economics-Bus,Business
S201502400,2015,1,F,0,Hispanic,TX,INST_03,Regional College C (Teaching),teaching,3.6,39,1997,Anthropology,Social Sciences
S201502401,2015,1,F,0,Black,FL,INST_04,Regional College D (Teaching),teaching,2.58,24,1997,Economics-Bus,Business
S201502402,2015,0,M,1,White,NJ,INST_02,State University B (Research),research,3.49,60,1997,Statistics,STEM
S201502403,2015,0,F,0,White,NJ,INST_02,State University B (Research),research,3.22,29,1997,Pre-Med,Health
S201502404,2015,0,F,0,Black,CA,INST_01,State University A (Research),research,3.57,52,1997,Pre-Med,Health
S201502405,2015,0,F,1,Black,NC,INST_04,Regional College D (Teaching),teaching,4.0,34,1997,Chemistry,STEM
S201502406,2015,1,F,0,White,FL,INST_03,Regional College C (Teaching),teaching,3.01,4,1997,Public Health,Health
S201502407,2015,0,F,0,Hispanic,GA,INST_04,Regional College D (Teaching),teaching,2.33,21,1997,Chemistry,STEM
S201502408,2015,1,F,1,Hispanic,NC,INST_04,Regional College D (Teaching),teaching,2.83,61,1997,Nursing,Health
S201502409,2015,0,F,0,White,TX,INST_01,State University A (Research),research,3.55,80,1997,Anthropology,Social Sciences
S201502410,2015,0,F,1,White,NJ,INST_04,Regional College D (Teaching),teaching,2.7,73,1997,Finance,Business
S201502411,2015,1,F,1,White,NJ,INST_04,Regional College D (Teaching),teaching,2.93,77,1997,Undeclared,Other
S201502412,2015,1,F,0,Hispanic,OH,INST_05,Urban University E (Research),research,3.52,53,1997,Education,Other
S201502413,2015,1,F,0,White,VA,INST_05,Urban University E (Research),research,3.57,68,1997,Management,Business
S201502414,2015,1,F,0,Asian,GA,INST_02,State University B (Research),research,3.6,59,1996,Sociology,Social Sciences
S201502415,2015,0,F,0,Hispanic,NC,INST_01,State University A (Research),research,3.62,21,1997,Sociology,Social Sciences
S201502416,2015,0,F,0,Hispanic,PA,INST_01,State University A (Research),research,2.51,47,1997,Anthropology,Social Sciences
S201502417,2015,0,M,1,Hispanic,VA,INST_03,Regional College C (Teaching),teaching,2.68,47,1997,Statistics,STEM
S201502418,2015,0,F,0,Hispanic,TX,INST_04,Regional College D (Teaching),teaching,3.82,49,1997,Psychology,Social Sciences
S201502419,2015,0,M,0,White,GA,INST_04,Regional College D (Teaching),teaching,3.07,57,1997,Accounting,Business
S201502420,2015,0,M,1,White,VA,INST_05,Urban University E (Research),research,3.47,55,1997,General Studies,Other
S201502421,2015,0,M,0,Hispanic,IL,INST_03,Regional College C (Teaching),teaching,3.25,48,1997,Nursing,Health
S201502422,2015,0,M,0,White,PA,INST_02,State University B (Research),research,3.46,74,1997,Civil Engineering,STEM
S201502423,2015,1,F,0,White,TX,INST_03,Regional College C (Teaching),teaching,3.46,60,1997,Chemistry,STEM
S201502424,2015,1,M,0,Black,PA,INST_05,Urban University E (Research),research,2.17,82,1997,Communications,Other
S201502425,2015,0,M,1,Asian,NY,INST_01,State University A (Research),research,2.71,24,1997,Biomedical Engineering,STEM
S201502426,2015,0,M,0,Hispanic,NC,INST_02,State University B (Research),research,2.12,20,1997,Accounting,Business
S201502427,2015,0,F,0,Multi,TX,INST_01,State University A (Research),research,3.52,8,1997,Economics,Social Sciences
S201502428,2015,0,F,0,NHPI,NC,INST_02,State University B (Research),research,2.49,63,1997,Public Health,Health
S201502429,2015,0,M,0,White,IL,INST_02,State University B (Research),research,3.12,51,1997,Pre-Med,Health
S201502430,2015,0,M,0,White,NJ,INST_05,Urban University E (Research),research,2.66,65,1997,Marketing,Business
S201502431,2015,0,M,0,White,VA,INST_02,State University B (Research),research,3.95,29,1997,English,Humanities
S201502432,2015,1,M,0,White,VA,INST_04,Regional College D (Teaching),teaching,3.33,33,1997,Pre-Med,Health
S201502433,2015,0,F,1,White,OH,INST_02,State University B (Research),research,4.0,50,1997,Chemistry,STEM
S201502434,2015,1,M,1,Hispanic,CA,INST_03,Regional College C (Teaching),teaching,3.09,62,1997,Computer Science,STEM
S201502435,2015,1,F,0,White,NC,INST_03,Regional College C (Teaching),teaching,3.35,45,1997,Economics-Bus,Business
S201502436,2015,0,F,1,Hispanic,OH,INST_03,Regional College C (Teaching),teaching,3.38,45,1997,Kinesiology,Health
S201502437,2015,1,M,0,Asian,TX,INST_01,State University A (Research),research,3.44,53,1997,Public Health,Health
S201502438,2015,0,M,0,White,FL,INST_05,Urban University E (Research),research,3.09,36,1997,Sociology,Social Sciences
S201502439,2015,0,M,0,Hispanic,NC,INST_03,Regional College C (Teaching),teaching,3.65,46,1997,Kinesiology,Health
S201502440,2015,0,F,1,White,PA,INST_03,Regional College C (Teaching),teaching,3.13,49,1997,Electrical Engineering,STEM
S201502441,2015,1,M,0,White,IL,INST_02,State University B (Research),research,4.0,60,1997,Psychology,Social Sciences
S201502442,2015,0,F,0,White,TX,INST_04,Regional College D (Teaching),teaching,2.5,43,1997,Anthropology,Social Sciences
S201502443,2015,0,M,0,Black,CA,INST_01,State University A (Research),research,2.57,35,1997,Civil Engineering,STEM
S201502444,2015,0,M,1,White,PA,INST_03,Regional College C (Teaching),teaching,3.12,43,1997,Biomedical Engineering,STEM
S201502445,2015,1,F,0,White,TX,INST_01,State University A (Research),research,4.0,59,1997,Pre-Med,Health
S201502446,2015,0,F,1,White,VA,INST_05,Urban University E (Research),research,3.06,40,1997,Kinesiology,Health
S201502447,2015,1,F,0,Asian,FL,INST_01,State University A (Research),research,3.17,81,1997,Computer Science,STEM
S201502448,2015,1,F,0,Hispanic,IL,INST_05,Urban University E (Research),research,3.66,55,1997,Statistics,STEM
S201502449,2015,1,M,0,Hispanic,NY,INST_02,State University B (Research),research,3.3,74,1997,Finance,Business
S201502450,2015,0,F,0,White,VA,INST_05,Urban University E (Research),research,2.88,52,1997,Accounting,Business
S201502451,2015,1,F,0,AIAN,OH,INST_04,Regional College D (Teaching),teaching,4.0,61,1997,Public Health,Health
S201502452,2015,1,M,1,White,GA,INST_01,State University A (Research),research,3.89,46,1997,Management,Business
S201502453,2015,1,M,0,White,NJ,INST_05,Urban University E (Research),research,3.94,31,1997,Economics-Bus,Business
S201502454,2015,1,F,0,Asian,IL,INST_05,Urban University E (Research),research,3.11,60,1997,Mechanical Engineering,STEM
S201502455,2015,1,M,0,White,GA,INST_01,State University A (Research),research,3.43,57,1997,Economics-Bus,Business
S201502456,2015,1,F,0,White,IL,INST_01,State University A (Research),research,3.91,53,1997,Finance,Business
S201502457,2015,0,F,0,Hispanic,NJ,INST_02,State University B (Research),research,3.02,52,1997,Psychology,Social Sciences
S201502458,2015,0,M,0,Hispanic,IL,INST_04,Regional College D (Teaching),teaching,2.86,43,1997,Pre-Med,Health
S201502459,2015,1,M,0,Hispanic,NC,INST_04,Regional College D (Teaching),teaching,3.41,30,1997,Finance,Business
S201502460,2015,0,M,0,White,PA,INST_01,State University A (Research),research,3.56,60,1997,Biology,STEM
S201502461,2015,0,F,0,Hispanic,FL,INST_02,State University B (Research),research,3.03,59,1997,Mechanical Engineering,STEM
S201502462,2015,1,F,1,White,VA,INST_05,Urban University E (Research),research,2.34,34,1996,Biomedical Engineering,STEM
S201502463,2015,0,F,0,Black,GA,INST_01,State University A (Research),research,2.88,72,1997,Economics-Bus,Business
S201502464,2015,0,M,0,White,NC,INST_05,Urban University E (Research),research,3.28,53,1997,Accounting,Business
S201502465,2015,0,F,0,Hispanic,NY,INST_02,State University B (Research),research,3.34,70,1997,Philosophy,Humanities
S201502466,2015,0,M,0,White,OH,INST_04,Regional College D (Teaching),teaching,2.74,63,1997,Education,Other
S201502467,2015,1,F,0,White,NC,INST_05,Urban University E (Research),research,3.59,94,1997,Art History,Humanities
S201502468,2015,1,M,0,White,GA,INST_05,Urban University E (Research),research,3.28,40,1997,Psychology,Social Sciences
S201502469,2015,0,F,0,White,VA,INST_05,Urban University E (Research),research,3.5,35,1997,Physics,STEM
S201502470,2015,1,F,1,Hispanic,NJ,INST_04,Regional College D (Teaching),teaching,2.76,64,1997,Economics-Bus,Business
S201502471,2015,1,F,0,Black,FL,INST_01,State University A (Research),research,3.59,57,1997,Biomedical Engineering,STEM
S201502472,2015,0,F,1,White,NY,INST_02,State University B (Research),research,3.5,94,1997,Communications,Other
S201502473,2015,0,M,0,White,GA,INST_03,Regional College C (Teaching),teaching,3.23,54,1997,Mathematics,STEM
S201502474,2015,1,F,1,Hispanic,FL,INST_05,Urban University E (Research),research,4.0,50,1997,Management,Business
S201502475,2015,0,F,0,Black,CA,INST_02,State University B (Research),research,2.98,66,1997,Pre-Med,Health
S201502476,2015,1,F,1,Black,NY,INST_05,Urban University E (Research),research,3.63,85,1997,Accounting,Business
S201502477,2015,1,M,0,Black,NY,INST_04,Regional College D (Teaching),teaching,2.73,66,1997,Statistics,STEM
S201502478,2015,1,M,0,White,NY,INST_03,Regional College C (Teaching),teaching,3.23,39,1997,Economics-Bus,Business
S201502479,2015,0,F,0,Asian,MI,INST_03,Regional College C (Teaching),teaching,2.34,57,1997,Philosophy,Humanities
S201502480,2015,1,F,1,White,VA,INST_03,Regional College C (Teaching),teaching,2.15,62,1997,Nursing,Health
S201502481,2015,1,M,0,Hispanic,NC,INST_02,State University B (Research),research,2.86,19,1997,General Studies,Other
S201502482,2015,1,M,1,Multi,MI,INST_01,State University A (Research),research,3.58,61,1997,Physics,STEM
S201502483,2015,0,M,0,White,CA,INST_05,Urban University E (Research),research,2.16,48,1997,Electrical Engineering,STEM
S201502484,2015,1,F,0,Black,VA,INST_03,Regional College C (Teaching),teaching,3.64,92,1997,Biology,STEM
S201502485,2015,0,F,0,Black,IL,INST_04,Regional College D (Teaching),teaching,3.44,69,1997,Anthropology,Social Sciences
S201502486,2015,1,M,0,Asian,PA,INST_02,State University B (Research),research,3.24,65,1997,Economics,Social Sciences
S201502487,2015,0,M,0,Black,GA,INST_04,Regional College D (Teaching),teaching,2.46,46,1997,Kinesiology,Health
S201502488,2015,1,F,0,Asian,TX,INST_01,State University A (Research),research,3.93,61,1997,Biology,STEM
S201502489,2015,1,M,0,White,IL,INST_04,Regional College D (Teaching),teaching,3.37,61,1997,Economics-Bus,Business
S201502490,2015,0,M,1,Hispanic,PA,INST_02,State University B (Research),research,3.58,62,1997,Sociology,Social Sciences
S201502491,2015,0,M,1,White,VA,INST_05,Urban University E (Research),research,3.37,74,1997,Accounting,Business
S201502492,2015,0,M,0,Hispanic,FL,INST_04,Regional College D (Teaching),teaching,3.32,42,1997,Public Health,Health
S201502493,2015,0,M,0,White,FL,INST_05,Urban University E (Research),research,3.38,64,1997,Sociology,Social Sciences
S201502494,2015,0,M,0,White,OH,INST_05,Urban University E (Research),research,2.68,95,1997,Biomedical Engineering,STEM
S201502495,2015,1,M,1,White,OH,INST_01,State University A (Research),research,2.91,65,1997,History,Humanities
S201502496,2015,1,M,0,Asian,NJ,INST_02,State University B (Research),research,3.46,52,1997,Nursing,Health
S201502497,2015,1,M,1,Hispanic,IL,INST_05,Urban University E (Research),research,2.86,48,1997,Undeclared,Other
S201502498,2015,0,M,1,Asian,CA,INST_03,Regional College C (Teaching),teaching,2.61,73,1997,Communications,Other
S201502499,2015,0,M,0,White,IL,INST_02,State University B (Research),research,2.99,77,1997,Political Science,Social Sciences
S201502500,2015,0,F,0,Hispanic,OH,INST_02,State University B (Research),research,3.52,65,1997,Political Science,Social Sciences
S201502501,2015,1,M,1,Black,NJ,INST_02,State University B (Research),research,2.82,63,1997,Communications,Other
S201502502,2015,1,M,1,White,OH,INST_02,State University B (Research),research,3.7,63,1997,Political Science,Social Sciences
S201502503,2015,1,M,0,White,NJ,INST_05,Urban University E (Research),research,3.17,35,1997,Spanish,Humanities
S201502504,2015,1,F,1,Black,OH,INST_02,State University B (Research),research,4.0,36,1997,Pre-Med,Health
S201502505,2015,0,F,1,Black,MI,INST_05,Urban University E (Research),research,3.79,69,1997,Mathematics,STEM
S201502506,2015,1,F,1,Black,FL,INST_04,Regional College D (Teaching),teaching,4.0,60,1997,Public Health,Health
S201502507,2015,0,M,0,Hispanic,CA,INST_03,Regional College C (Teaching),teaching,3.15,21,1997,Mathematics,STEM
S201502508,2015,0,F,0,Asian,GA,INST_04,Regional College D (Teaching),teaching,3.87,72,1997,History,Humanities
S201502509,2015,1,F,0,Asian,MI,INST_02,State University B (Research),research,3.27,23,1996,Pre-Med,Health
S201502510,2015,0,M,0,Asian,NJ,INST_04,Regional College D (Teaching),teaching,4.0,83,1997,General Studies,Other
S201502511,2015,1,M,0,Multi,IL,INST_05,Urban University E (Research),research,3.64,71,1997,Kinesiology,Health
S201502512,2015,1,F,1,Hispanic,OH,INST_01,State University A (Research),research,3.19,55,1997,History,Humanities
S201502513,2015,0,F,0,Unknown,FL,INST_05,Urban University E (Research),research,2.97,59,1997,Computer Science,STEM
S201502514,2015,0,F,0,Black,VA,INST_05,Urban University E (Research),research,2.64,43,1996,Political Science,Social Sciences
S201502515,2015,1,F,0,White,CA,INST_04,Regional College D (Teaching),teaching,3.85,47,1997,English,Humanities
S201502516,2015,0,M,0,White,IL,INST_01,State University A (Research),research,2.88,71,1997,English,Humanities
S201502517,2015,0,F,0,White,NY,INST_02,State University B (Research),research,4.0,59,1997,Civil Engineering,STEM
S201502518,2015,0,M,0,Hispanic,CA,INST_02,State University B (Research),research,3.41,18,1997,Accounting,Business
S201502519,2015,0,M,0,White,OH,INST_04,Regional College D (Teaching),teaching,3.2,16,1997,Anthropology,Social Sciences
S201502520,2015,1,M,1,Hispanic,TX,INST_04,Regional College D (Teaching),teaching,2.73,57,1997,Spanish,Humanities
S201502521,2015,1,M,0,Black,NJ,INST_04,Regional College D (Teaching),teaching,2.68,61,1997,Finance,Business
S201502522,2015,1,M,0,White,NC,INST_03,Regional College C (Teaching),teaching,3.45,30,1997,Sociology,Social Sciences
S201502523,2015,0,F,0,Multi,TX,INST_04,Regional College D (Teaching),teaching,3.59,58,1997,Finance,Business
S201502524,2015,1,F,1,White,NC,INST_02,State University B (Research),research,2.84,62,1997,Computer Science,STEM
S201502525,2015,1,M,0,White,FL,INST_02,State University B (Research),research,1.97,67,1996,Economics,Social Sciences
S201502526,2015,0,M,0,Black,NJ,INST_04,Regional College D (Teaching),teaching,3.24,29,1997,Chemistry,STEM
S201502527,2015,1,F,0,White,NC,INST_04,Regional College D (Teaching),teaching,3.33,47,1997,Undeclared,Other
S201502528,2015,0,F,0,Unknown,FL,INST_02,State University B (Research),research,3.34,23,1997,Chemistry,STEM
S201502529,2015,0,M,0,White,PA,INST_04,Regional College D (Teaching),teaching,3.61,51,1997,Undeclared,Other
S201502530,2015,1,F,0,Black,PA,INST_03,Regional College C (Teaching),teaching,3.42,18,1997,Civil Engineering,STEM
S201502531,2015,0,F,0,Hispanic,NY,INST_04,Regional College D (Teaching),teaching,3.8,99,1997,Nursing,Health
S201502532,2015,1,M,0,White,MI,INST_05,Urban University E (Research),research,3.76,60,1997,Economics-Bus,Business
S201502533,2015,0,F,0,White,NJ,INST_05,Urban University E (Research),research,3.5,80,1997,Biology,STEM
S201502534,2015,0,F,1,White,GA,INST_02,State University B (Research),research,2.97,52,1996,Education,Other
S201502535,2015,0,F,0,White,NJ,INST_04,Regional College D (Teaching),teaching,3.76,65,1997,Political Science,Social Sciences
S201502536,2015,0,F,0,Hispanic,NY,INST_01,State University A (Research),research,3.72,21,1997,Mechanical Engineering,STEM
S201502537,2015,1,M,1,Multi,VA,INST_05,Urban University E (Research),research,3.08,48,1997,Finance,Business
S201502538,2015,1,F,0,White,NC,INST_03,Regional College C (Teaching),teaching,2.97,59,1997,Education,Other
S201502539,2015,0,M,0,Asian,GA,INST_01,State University A (Research),research,2.41,25,1997,Physics,STEM
S201502540,2015,0,M,0,Black,GA,INST_04,Regional College D (Teaching),teaching,4.0,14,1997,Spanish,Humanities
S201502541,2015,0,M,1,White,MI,INST_04,Regional College D (Teaching),teaching,3.28,31,1997,Chemistry,STEM
S201502542,2015,1,F,0,Asian,IL,INST_03,Regional College C (Teaching),teaching,2.39,24,1997,Mathematics,STEM
S201502543,2015,0,F,0,White,IL,INST_01,State University A (Research),research,3.46,68,1996,Nursing,Health
S201502544,2015,1,F,0,Black,NC,INST_03,Regional College C (Teaching),teaching,3.43,77,1997,English,Humanities
S201502545,2015,0,F,0,White,VA,INST_01,State University A (Research),research,2.8,25,1997,Electrical Engineering,STEM
S201502546,2015,1,M,0,White,CA,INST_04,Regional College D (Teaching),teaching,2.97,58,1997,Statistics,STEM
S201502547,2015,1,F,1,White,IL,INST_01,State University A (Research),research,3.19,46,1997,Kinesiology,Health
S201502548,2015,0,F,1,Black,OH,INST_03,Regional College C (Teaching),teaching,2.75,71,1997,Pre-Med,Health
S201502549,2015,1,F,0,Hispanic,PA,INST_01,State University A (Research),research,2.9,57,1997,Physics,STEM
S201502550,2015,1,M,0,Asian,CA,INST_01,State University A (Research),research,2.98,58,1997,Education,Other
S201502551,2015,0,F,1,Black,GA,INST_02,State University B (Research),research,3.12,37,1997,Civil Engineering,STEM
S201502552,2015,1,F,0,Hispanic,PA,INST_03,Regional College C (Teaching),teaching,4.0,55,1997,Pre-Med,Health
S201502553,2015,1,F,0,Multi,OH,INST_02,State University B (Research),research,3.31,62,1997,Public Health,Health
S201502554,2015,0,F,0,Asian,NJ,INST_05,Urban University E (Research),research,3.41,45,1997,Kinesiology,Health
S201502555,2015,1,F,0,Black,OH,INST_02,State University B (Research),research,2.69,58,1997,Marketing,Business
S201502556,2015,1,F,0,Hispanic,GA,INST_05,Urban University E (Research),research,2.5,50,1997,Finance,Business
S201502557,2015,0,M,1,White,OH,INST_02,State University B (Research),research,3.38,69,1997,Physics,STEM
S201502558,2015,0,M,0,Asian,TX,INST_04,Regional College D (Teaching),teaching,2.92,45,1997,Economics-Bus,Business
S201502559,2015,0,M,0,Hispanic,MI,INST_03,Regional College C (Teaching),teaching,3.27,65,1997,Physics,STEM
S201502560,2015,0,F,1,Black,MI,INST_04,Regional College D (Teaching),teaching,2.84,31,1997,Biology,STEM
S201502561,2015,1,F,1,Hispanic,NY,INST_02,State University B (Research),research,2.72,99,1997,Computer Science,STEM
S201502562,2015,0,M,0,White,MI,INST_01,State University A (Research),research,3.16,57,1997,Public Health,Health
S201502563,2015,1,F,0,Black,GA,INST_02,State University B (Research),research,3.07,49,1997,Communications,Other
S201502564,2015,0,NB,1,White,TX,INST_01,State University A (Research),research,3.58,37,1997,Nursing,Health
S201502565,2015,0,F,0,White,OH,INST_04,Regional College D (Teaching),teaching,3.02,38,1997,Public Health,Health
S201502566,2015,0,M,0,Asian,NY,INST_04,Regional College D (Teaching),teaching,3.97,58,1997,Anthropology,Social Sciences
S201502567,2015,0,M,0,Hispanic,MI,INST_03,Regional College C (Teaching),teaching,2.65,33,1997,Nursing,Health
S201502568,2015,0,F,0,White,NJ,INST_02,State University B (Research),research,3.48,62,1997,Sociology,Social Sciences
S201502569,2015,1,M,0,White,IL,INST_03,Regional College C (Teaching),teaching,3.06,71,1996,Nursing,Health
S201502570,2015,0,M,1,Black,IL,INST_05,Urban University E (Research),research,2.76,99,1997,Electrical Engineering,STEM
S201502571,2015,1,F,0,Hispanic,OH,INST_03,Regional College C (Teaching),teaching,3.68,54,1997,Education,Other
S201502572,2015,1,M,1,Hispanic,GA,INST_04,Regional College D (Teaching),teaching,3.71,35,1997,Physics,STEM
S201502573,2015,1,M,0,White,NC,INST_01,State University A (Research),research,3.0,56,1997,Public Health,Health
S201502574,2015,0,F,0,White,MI,INST_05,Urban University E (Research),research,2.91,51,1997,Education,Other
S201502575,2015,0,M,0,Multi,IL,INST_01,State University A (Research),research,3.17,72,1997,Kinesiology,Health
S201502576,2015,1,M,0,Black,PA,INST_03,Regional College C (Teaching),teaching,2.56,85,1997,Spanish,Humanities
S201502577,2015,0,M,1,White,IL,INST_05,Urban University E (Research),research,3.25,53,1997,Marketing,Business
S201502578,2015,0,M,0,White,FL,INST_05,Urban University E (Research),research,3.54,59,1997,Sociology,Social Sciences
S201502579,2015,1,F,1,Hispanic,IL,INST_01,State University A (Research),research,3.5,68,1997,Biomedical Engineering,STEM
S201502580,2015,1,F,1,White,NC,INST_03,Regional College C (Teaching),teaching,3.78,51,1997,Marketing,Business
S201502581,2015,0,F,1,Asian,FL,INST_03,Regional College C (Teaching),teaching,3.23,40,1997,Sociology,Social Sciences
S201502582,2015,0,M,0,Asian,CA,INST_05,Urban University E (Research),research,3.02,83,1997,Public Health,Health
S201502583,2015,1,F,0,Black,NC,INST_04,Regional College D (Teaching),teaching,2.46,45,1997,Anthropology,Social Sciences
S201502584,2015,1,F,0,AIAN,PA,INST_04,Regional College D (Teaching),teaching,3.28,47,1997,Political Science,Social Sciences
S201502585,2015,0,M,0,White,NJ,INST_03,Regional College C (Teaching),teaching,2.92,71,1997,Statistics,STEM
S201502586,2015,0,F,1,White,FL,INST_03,Regional College C (Teaching),teaching,2.62,65,1997,Communications,Other
S201502587,2015,1,M,0,Hispanic,NY,INST_05,Urban University E (Research),research,3.3,48,1997,Marketing,Business
S201502588,2015,0,M,0,Asian,MI,INST_02,State University B (Research),research,2.67,54,1997,Communications,Other
S201502589,2015,0,M,1,White,GA,INST_05,Urban University E (Research),research,3.42,80,1997,Art History,Humanities
S201502590,2015,1,F,0,Black,PA,INST_05,Urban University E (Research),research,3.12,62,1997,Computer Science,STEM
S201502591,2015,0,F,1,Hispanic,FL,INST_01,State University A (Research),research,3.76,63,1997,General Studies,Other
S201502592,2015,0,F,0,Black,NY,INST_01,State University A (Research),research,3.21,47,1997,Public Health,Health
S201502593,2015,0,M,1,AIAN,NY,INST_01,State University A (Research),research,3.35,78,1997,Art History,Humanities
S201502594,2015,0,F,1,Multi,VA,INST_05,Urban University E (Research),research,3.22,44,1997,General Studies,Other
S201502595,2015,1,F,1,White,MI,INST_05,Urban University E (Research),research,3.85,59,1997,Kinesiology,Health
S201502596,2015,1,F,0,Hispanic,NY,INST_03,Regional College C (Teaching),teaching,3.01,28,1997,Mechanical Engineering,STEM
S201502597,2015,1,F,0,AIAN,VA,INST_05,Urban University E (Research),research,3.51,3,1997,Management,Business
S201502598,2015,1,M,0,White,FL,INST_02,State University B (Research),research,3.13,59,1997,Marketing,Business
S201502599,2015,1,F,1,Multi,VA,INST_05,Urban University E (Research),research,2.83,16,1997,Civil Engineering,STEM
S201502600,2015,0,F,0,Hispanic,IL,INST_04,Regional College D (Teaching),teaching,3.03,63,1997,General Studies,Other
S201502601,2015,0,F,0,Black,FL,INST_05,Urban University E (Research),research,3.26,74,1997,Accounting,Business
S201502602,2015,1,F,0,Multi,VA,INST_01,State University A (Research),research,2.67,50,1996,Computer Science,STEM
S201502603,2015,0,F,0,White,CA,INST_04,Regional College D (Teaching),teaching,3.2,55,1997,Electrical Engineering,STEM
S201502604,2015,1,M,1,White,VA,INST_03,Regional College C (Teaching),teaching,3.04,38,1997,General Studies,Other
S201502605,2015,1,F,0,White,GA,INST_05,Urban University E (Research),research,4.0,73,1997,Spanish,Humanities
S201502606,2015,1,F,0,White,NC,INST_04,Regional College D (Teaching),teaching,2.74,71,1997,Nursing,Health
S201502607,2015,1,F,1,Black,GA,INST_04,Regional College D (Teaching),teaching,4.0,64,1997,Electrical Engineering,STEM
S201502608,2015,0,F,0,White,VA,INST_04,Regional College D (Teaching),teaching,3.23,62,1997,Statistics,STEM
S201502609,2015,0,F,0,Multi,GA,INST_03,Regional College C (Teaching),teaching,3.31,16,1997,Marketing,Business
S201502610,2015,0,M,1,Multi,TX,INST_02,State University B (Research),research,3.14,14,1997,Biology,STEM
S201502611,2015,0,F,0,White,VA,INST_04,Regional College D (Teaching),teaching,3.17,68,1997,Education,Other
S201502612,2015,1,F,1,White,GA,INST_04,Regional College D (Teaching),teaching,3.59,35,1997,Management,Business
S201502613,2015,0,F,1,Black,NC,INST_05,Urban University E (Research),research,3.04,32,1997,Sociology,Social Sciences
S201502614,2015,0,F,1,White,TX,INST_04,Regional College D (Teaching),teaching,3.27,48,1997,Computer Science,STEM
S201502615,2015,0,M,0,White,NJ,INST_01,State University A (Research),research,3.36,32,1996,Biomedical Engineering,STEM
S201502616,2015,0,F,0,White,NY,INST_05,Urban University E (Research),research,2.52,23,1997,Marketing,Business
S201502617,2015,0,F,0,White,NY,INST_02,State University B (Research),research,3.12,50,1997,Art History,Humanities
S201502618,2015,0,M,0,Hispanic,NC,INST_03,Regional College C (Teaching),teaching,3.34,33,1997,Physics,STEM
S201502619,2015,0,F,0,White,MI,INST_04,Regional College D (Teaching),teaching,3.39,50,1997,Psychology,Social Sciences
S201502620,2015,0,F,0,Hispanic,FL,INST_04,Regional College D (Teaching),teaching,3.4,68,1997,Public Health,Health
S201502621,2015,0,M,0,White,FL,INST_02,State University B (Research),research,2.69,50,1997,Electrical Engineering,STEM
S201502622,2015,1,M,0,Black,MI,INST_05,Urban University E (Research),research,3.97,37,1997,Biomedical Engineering,STEM
S201502623,2015,0,F,0,White,PA,INST_04,Regional College D (Teaching),teaching,3.9,64,1997,Education,Other
S201502624,2015,1,F,1,White,VA,INST_04,Regional College D (Teaching),teaching,3.08,52,1997,Nursing,Health
S201502625,2015,0,F,0,Asian,NC,INST_04,Regional College D (Teaching),teaching,3.03,63,1997,Economics-Bus,Business
S201502626,2015,1,M,0,Black,FL,INST_03,Regional College C (Teaching),teaching,2.54,49,1997,Statistics,STEM
S201502627,2015,0,M,1,Hispanic,CA,INST_04,Regional College D (Teaching),teaching,2.81,50,1997,Art History,Humanities
S201502628,2015,0,F,0,Asian,GA,INST_04,Regional College D (Teaching),teaching,2.9,61,1997,General Studies,Other
S201502629,2015,1,F,0,Hispanic,OH,INST_04,Regional College D (Teaching),teaching,2.91,58,1997,Mathematics,STEM
S201502630,2015,0,F,0,White,OH,INST_01,State University A (Research),research,3.46,77,1997,Nursing,Health
S201502631,2015,0,F,1,Asian,PA,INST_03,Regional College C (Teaching),teaching,3.18,88,1997,Sociology,Social Sciences
S201502632,2015,0,F,0,White,VA,INST_03,Regional College C (Teaching),teaching,4.0,81,1997,Economics,Social Sciences
S201502633,2015,0,F,0,White,NC,INST_05,Urban University E (Research),research,3.05,67,1997,Computer Science,STEM
S201502634,2015,0,F,0,White,IL,INST_02,State University B (Research),research,3.62,40,1997,Accounting,Business
S201502635,2015,1,F,0,Black,IL,INST_02,State University B (Research),research,3.7,78,1997,Economics,Social Sciences
S201502636,2015,0,M,1,White,MI,INST_01,State University A (Research),research,3.17,68,1997,Anthropology,Social Sciences
S201502637,2015,0,F,0,White,IL,INST_04,Regional College D (Teaching),teaching,3.63,20,1997,Mechanical Engineering,STEM
S201502638,2015,1,M,0,Unknown,OH,INST_04,Regional College D (Teaching),teaching,3.43,71,1997,Accounting,Business
S201502639,2015,0,F,1,Hispanic,VA,INST_03,Regional College C (Teaching),teaching,3.57,89,1997,Civil Engineering,STEM
S201502640,2015,0,M,1,White,OH,INST_01,State University A (Research),research,3.58,48,1997,Public Health,Health
S201502641,2015,0,F,0,Black,CA,INST_01,State University A (Research),research,3.46,36,1997,Psychology,Social Sciences
S201502642,2015,1,M,1,Black,PA,INST_05,Urban University E (Research),research,3.25,78,1997,Sociology,Social Sciences
S201502643,2015,1,M,0,Hispanic,PA,INST_02,State University B (Research),research,2.36,27,1997,Finance,Business
S201502644,2015,0,NB,0,Multi,GA,INST_04,Regional College D (Teaching),teaching,3.95,44,1997,Management,Business
S201502645,2015,1,F,0,Hispanic,CA,INST_02,State University B (Research),research,3.66,30,1997,Statistics,STEM
S201502646,2015,1,M,1,Black,PA,INST_04,Regional College D (Teaching),teaching,3.87,20,1997,Public Health,Health
S201502647,2015,0,M,0,White,VA,INST_04,Regional College D (Teaching),teaching,2.81,99,1997,Sociology,Social Sciences
S201502648,2015,1,F,0,White,VA,INST_02,State University B (Research),research,3.45,16,1997,Public Health,Health
S201502649,2015,1,F,0,Asian,NJ,INST_04,Regional College D (Teaching),teaching,3.43,73,1997,Sociology,Social Sciences
S201502650,2015,0,M,0,White,NJ,INST_02,State University B (Research),research,3.03,52,1997,Accounting,Business
S201502651,2015,0,M,0,White,NY,INST_02,State University B (Research),research,3.07,31,1997,Computer Science,STEM
S201502652,2015,1,M,1,White,CA,INST_01,State University A (Research),research,3.85,50,1997,General Studies,Other
S201502653,2015,0,M,0,White,FL,INST_01,State University A (Research),research,3.08,44,1997,Marketing,Business
S201502654,2015,0,M,0,White,NC,INST_05,Urban University E (Research),research,2.83,76,1997,Undeclared,Other
S201502655,2015,1,F,1,White,NY,INST_04,Regional College D (Teaching),teaching,2.86,68,1997,English,Humanities
S201502656,2015,0,M,0,White,VA,INST_04,Regional College D (Teaching),teaching,2.75,41,1997,Accounting,Business
S201502657,2015,0,F,0,Black,TX,INST_02,State University B (Research),research,3.47,72,1997,Mechanical Engineering,STEM
S201502658,2015,1,M,0,Asian,VA,INST_01,State University A (Research),research,2.92,92,1997,Mathematics,STEM
S201502659,2015,1,F,1,White,NC,INST_01,State University A (Research),research,2.56,77,1997,Marketing,Business
S201502660,2015,1,F,0,Black,IL,INST_04,Regional College D (Teaching),teaching,3.61,78,1997,Education,Other
S201502661,2015,0,F,1,White,PA,INST_05,Urban University E (Research),research,3.01,61,1997,General Studies,Other
S201502662,2015,0,M,1,White,VA,INST_04,Regional College D (Teaching),teaching,3.0,50,1997,Public Health,Health
S201502663,2015,0,F,0,Hispanic,GA,INST_02,State University B (Research),research,3.14,59,1997,History,Humanities
S201502664,2015,1,M,1,White,TX,INST_02,State University B (Research),research,1.5,57,1997,Statistics,STEM
S201502665,2015,1,M,1,White,NY,INST_04,Regional College D (Teaching),teaching,3.09,63,1997,Electrical Engineering,STEM
S201502666,2015,0,M,0,White,NJ,INST_02,State University B (Research),research,3.65,18,1997,Marketing,Business
S201502667,2015,1,M,0,White,IL,INST_03,Regional College C (Teaching),teaching,2.87,16,1997,Management,Business
S201502668,2015,0,F,0,White,TX,INST_01,State University A (Research),research,3.67,62,1997,Kinesiology,Health
S201502669,2015,1,F,0,Hispanic,PA,INST_05,Urban University E (Research),research,2.97,78,1997,Marketing,Business
S201502670,2015,0,F,0,White,GA,INST_01,State University A (Research),research,3.0,58,1997,Nursing,Health
S201502671,2015,0,M,0,AIAN,NY,INST_03,Regional College C (Teaching),teaching,2.66,84,1997,Public Health,Health
S201502672,2015,0,F,1,Multi,FL,INST_01,State University A (Research),research,3.67,62,1997,Biology,STEM
S201502673,2015,1,NB,0,Hispanic,PA,INST_04,Regional College D (Teaching),teaching,3.39,23,1997,Civil Engineering,STEM
S201502674,2015,0,M,0,Hispanic,MI,INST_02,State University B (Research),research,2.72,42,1997,Economics-Bus,Business
S201502675,2015,0,M,0,White,CA,INST_04,Regional College D (Teaching),teaching,4.0,99,1997,Mathematics,STEM
S201502676,2015,0,M,0,White,FL,INST_01,State University A (Research),research,3.23,59,1997,Art History,Humanities
S201502677,2015,0,F,0,White,NY,INST_01,State University A (Research),research,3.25,44,1997,Statistics,STEM
S201502678,2015,1,M,0,White,NY,INST_03,Regional College C (Teaching),teaching,3.01,69,1997,Marketing,Business
S201502679,2015,0,F,0,White,NY,INST_04,Regional College D (Teaching),teaching,3.24,81,1997,Philosophy,Humanities
S201502680,2015,0,F,0,White,NY,INST_02,State University B (Research),research,4.0,79,1997,Management,Business
S201502681,2015,0,F,0,Hispanic,NC,INST_02,State University B (Research),research,2.97,75,1997,Sociology,Social Sciences
S201502682,2015,0,F,0,White,NY,INST_05,Urban University E (Research),research,3.09,39,1997,Finance,Business
S201502683,2015,0,F,0,White,TX,INST_02,State University B (Research),research,3.99,37,1997,Biology,STEM
S201502684,2015,1,F,0,Asian,NC,INST_02,State University B (Research),research,2.84,61,1997,Kinesiology,Health
S201502685,2015,0,F,1,White,NY,INST_05,Urban University E (Research),research,3.8,89,1997,Electrical Engineering,STEM
S201502686,2015,1,F,1,White,FL,INST_04,Regional College D (Teaching),teaching,2.91,53,1997,Psychology,Social Sciences
S201502687,2015,0,M,0,Black,GA,INST_01,State University A (Research),research,3.05,57,1997,Biology,STEM
S201502688,2015,0,F,0,White,VA,INST_03,Regional College C (Teaching),teaching,4.0,34,1997,Art History,Humanities
S201502689,2015,0,F,0,White,NY,INST_03,Regional College C (Teaching),teaching,3.37,26,1997,Computer Science,STEM
S201502690,2015,0,M,0,Unknown,NC,INST_02,State University B (Research),research,2.98,60,1997,Finance,Business
S201502691,2015,0,M,0,Hispanic,NC,INST_04,Regional College D (Teaching),teaching,3.71,36,1997,Mechanical Engineering,STEM
S201502692,2015,1,F,1,White,CA,INST_02,State University B (Research),research,2.79,54,1997,Anthropology,Social Sciences
S201502693,2015,0,M,0,Asian,MI,INST_03,Regional College C (Teaching),teaching,3.0,56,1997,Kinesiology,Health
S201502694,2015,0,M,0,AIAN,TX,INST_01,State University A (Research),research,3.55,76,1997,Anthropology,Social Sciences
S201502695,2015,1,F,1,White,GA,INST_04,Regional College D (Teaching),teaching,3.16,57,1997,Biomedical Engineering,STEM
S201502696,2015,0,M,0,Hispanic,TX,INST_02,State University B (Research),research,3.29,51,1997,Pre-Med,Health
S201502697,2015,0,F,0,Hispanic,CA,INST_03,Regional College C (Teaching),teaching,3.08,71,1997,Management,Business
S201502698,2015,0,F,0,Hispanic,FL,INST_02,State University B (Research),research,3.84,78,1997,Mathematics,STEM
S201502699,2015,0,M,0,White,TX,INST_05,Urban University E (Research),research,3.21,49,1997,Mathematics,STEM
S201502700,2015,0,M,1,Black,NY,INST_05,Urban University E (Research),research,2.43,73,1997,Pre-Med,Health
S201502701,2015,1,F,0,White,IL,INST_03,Regional College C (Teaching),teaching,3.14,63,1997,Finance,Business
S201502702,2015,1,NB,0,White,OH,INST_05,Urban University E (Research),research,2.93,30,1997,Education,Other
S201502703,2015,0,M,0,White,FL,INST_03,Regional College C (Teaching),teaching,3.48,29,1997,Civil Engineering,STEM
S201502704,2015,1,F,1,White,NC,INST_05,Urban University E (Research),research,3.54,69,1997,Electrical Engineering,STEM
S201502705,2015,0,F,0,White,FL,INST_01,State University A (Research),research,3.0,69,1997,Art History,Humanities
S201502706,2015,1,F,1,White,NY,INST_03,Regional College C (Teaching),teaching,3.29,62,1997,Management,Business
S201502707,2015,0,F,0,White,CA,INST_01,State University A (Research),research,2.37,29,1997,Finance,Business
S201502708,2015,1,F,0,White,OH,INST_04,Regional College D (Teaching),teaching,3.1,72,1997,Biomedical Engineering,STEM
S201502709,2015,0,F,0,White,IL,INST_03,Regional College C (Teaching),teaching,2.79,24,1997,Finance,Business
S201502710,2015,0,F,0,Black,GA,INST_05,Urban University E (Research),research,3.89,27,1997,English,Humanities
S201502711,2015,1,M,0,White,IL,INST_02,State University B (Research),research,3.59,42,1997,Public Health,Health
S201502712,2015,0,F,0,Multi,IL,INST_05,Urban University E (Research),research,3.59,35,1997,Anthropology,Social Sciences
S201502713,2015,1,M,0,Asian,VA,INST_03,Regional College C (Teaching),teaching,3.53,77,1997,Mathematics,STEM
S201502714,2015,0,M,1,Hispanic,GA,INST_01,State University A (Research),research,3.0,74,1997,Political Science,Social Sciences
S201502715,2015,1,F,0,Black,PA,INST_04,Regional College D (Teaching),teaching,3.39,50,1997,Economics-Bus,Business
S201502716,2015,1,M,0,White,IL,INST_05,Urban University E (Research),research,3.51,83,1997,Economics-Bus,Business
S201502717,2015,0,F,1,White,NJ,INST_03,Regional College C (Teaching),teaching,3.56,41,1997,Economics-Bus,Business
S201502718,2015,0,M,0,White,NY,INST_03,Regional College C (Teaching),teaching,3.46,40,1997,Physics,STEM
S201502719,2015,1,F,0,White,OH,INST_04,Regional College D (Teaching),teaching,3.27,69,1997,Spanish,Humanities
S201502720,2015,0,F,0,White,TX,INST_01,State University A (Research),research,3.12,53,1997,Communications,Other
S201502721,2015,1,F,1,Hispanic,NC,INST_02,State University B (Research),research,2.86,64,1997,Biomedical Engineering,STEM
S201502722,2015,0,M,0,White,GA,INST_02,State University B (Research),research,2.98,87,1997,Finance,Business
S201502723,2015,0,M,1,Black,VA,INST_04,Regional College D (Teaching),teaching,3.42,48,1997,Sociology,Social Sciences
S201502724,2015,1,F,0,Black,FL,INST_04,Regional College D (Teaching),teaching,2.87,85,1997,Psychology,Social Sciences
S201502725,2015,0,M,0,White,CA,INST_02,State University B (Research),research,2.83,32,1997,Marketing,Business
S201502726,2015,0,M,0,Hispanic,NY,INST_05,Urban University E (Research),research,4.0,73,1997,Education,Other
S201502727,2015,0,F,0,White,GA,INST_03,Regional College C (Teaching),teaching,3.03,59,1997,Nursing,Health
S201502728,2015,0,F,1,White,OH,INST_03,Regional College C (Teaching),teaching,3.19,43,1997,Statistics,STEM
S201502729,2015,0,F,0,Black,GA,INST_03,Regional College C (Teaching),teaching,3.33,49,1997,Accounting,Business
S201502730,2015,0,M,1,White,NJ,INST_02,State University B (Research),research,2.94,79,1997,Statistics,STEM
S201502731,2015,0,M,1,Asian,GA,INST_04,Regional College D (Teaching),teaching,3.84,85,1997,Statistics,STEM
S201502732,2015,0,F,1,Black,NJ,INST_02,State University B (Research),research,2.82,93,1997,Management,Business
S201502733,2015,1,F,0,Black,FL,INST_03,Regional College C (Teaching),teaching,2.45,58,1997,Sociology,Social Sciences
S201502734,2015,1,F,0,White,FL,INST_02,State University B (Research),research,1.81,61,1997,Biology,STEM
S201502735,2015,1,M,0,Black,PA,INST_02,State University B (Research),research,3.47,68,1997,Management,Business
S201502736,2015,0,M,1,White,OH,INST_03,Regional College C (Teaching),teaching,3.51,48,1996,Pre-Med,Health
S201502737,2015,0,F,0,Multi,TX,INST_02,State University B (Research),research,2.76,54,1997,Pre-Med,Health
S201502738,2015,0,F,1,White,OH,INST_02,State University B (Research),research,4.0,12,1997,Chemistry,STEM
S201502739,2015,1,M,0,White,CA,INST_01,State University A (Research),research,2.71,67,1997,Statistics,STEM
S201502740,2015,0,F,1,White,IL,INST_05,Urban University E (Research),research,3.63,68,1997,Biomedical Engineering,STEM
S201502741,2015,1,F,0,Hispanic,NC,INST_01,State University A (Research),research,2.74,48,1997,Civil Engineering,STEM
S201502742,2015,0,M,1,Multi,NC,INST_03,Regional College C (Teaching),teaching,3.1,77,1997,Electrical Engineering,STEM
S201502743,2015,1,M,0,White,CA,INST_03,Regional College C (Teaching),teaching,3.48,83,1997,Civil Engineering,STEM
S201502744,2015,0,F,0,Hispanic,MI,INST_03,Regional College C (Teaching),teaching,3.19,59,1997,Finance,Business
S201502745,2015,0,M,1,Multi,IL,INST_01,State University A (Research),research,3.95,14,1997,Economics-Bus,Business
S201502746,2015,0,F,0,Hispanic,FL,INST_01,State University A (Research),research,3.13,95,1997,Accounting,Business
S201502747,2015,0,F,0,Black,OH,INST_02,State University B (Research),research,3.07,53,1997,Physics,STEM
S201502748,2015,0,M,1,Black,FL,INST_05,Urban University E (Research),research,2.59,58,1997,Computer Science,STEM
S201502749,2015,0,M,0,White,IL,INST_03,Regional College C (Teaching),teaching,4.0,62,1997,Art History,Humanities
S201502750,2015,0,M,0,White,OH,INST_04,Regional College D (Teaching),teaching,3.97,91,1997,Statistics,STEM
S201502751,2015,0,F,0,Black,VA,INST_03,Regional College C (Teaching),teaching,2.93,58,1997,Political Science,Social Sciences
S201502752,2015,1,F,0,White,OH,INST_01,State University A (Research),research,3.32,74,1997,Biology,STEM
S201502753,2015,1,F,0,AIAN,PA,INST_03,Regional College C (Teaching),teaching,3.32,91,1997,Management,Business
S201502754,2015,1,F,0,White,VA,INST_05,Urban University E (Research),research,2.85,74,1997,General Studies,Other
S201502755,2015,1,M,0,White,NC,INST_04,Regional College D (Teaching),teaching,2.48,68,1997,Nursing,Health
S201502756,2015,0,M,0,White,TX,INST_05,Urban University E (Research),research,3.91,54,1997,Economics-Bus,Business
S201502757,2015,1,F,1,Hispanic,FL,INST_01,State University A (Research),research,3.8,65,1997,Pre-Med,Health
S201502758,2015,0,M,1,White,TX,INST_03,Regional College C (Teaching),teaching,3.66,65,1997,Pre-Med,Health
S201502759,2015,0,F,0,Asian,TX,INST_05,Urban University E (Research),research,3.35,58,1997,Electrical Engineering,STEM
S201502760,2015,0,F,0,Black,CA,INST_05,Urban University E (Research),research,2.77,3,1997,Civil Engineering,STEM
S201502761,2015,1,F,0,Hispanic,NC,INST_01,State University A (Research),research,3.53,46,1996,Kinesiology,Health
S201502762,2015,1,F,0,White,NJ,INST_01,State University A (Research),research,3.19,41,1997,General Studies,Other
S201502763,2015,1,M,0,White,MI,INST_05,Urban University E (Research),research,4.0,32,1997,Accounting,Business
S201502764,2015,1,F,0,Hispanic,NC,INST_02,State University B (Research),research,3.78,60,1997,English,Humanities
S201502765,2015,1,M,0,White,TX,INST_02,State University B (Research),research,2.27,71,1997,Pre-Med,Health
S201502766,2015,1,F,1,Hispanic,IL,INST_04,Regional College D (Teaching),teaching,2.71,53,1997,Public Health,Health
S201502767,2015,0,M,0,White,TX,INST_05,Urban University E (Research),research,3.18,36,1997,Accounting,Business
S201502768,2015,1,F,0,White,NY,INST_01,State University A (Research),research,3.42,88,1997,Nursing,Health
S201502769,2015,0,F,0,White,CA,INST_04,Regional College D (Teaching),teaching,2.54,90,1997,General Studies,Other
S201502770,2015,0,F,0,White,NJ,INST_03,Regional College C (Teaching),teaching,2.47,60,1997,Economics,Social Sciences
S201502771,2015,1,M,1,White,VA,INST_05,Urban University E (Research),research,2.92,56,1997,Public Health,Health
S201502772,2015,0,M,0,White,TX,INST_05,Urban University E (Research),research,4.0,24,1997,Biology,STEM
S201502773,2015,0,M,0,Hispanic,OH,INST_01,State University A (Research),research,4.0,69,1997,Biology,STEM
S201502774,2015,0,M,0,White,FL,INST_04,Regional College D (Teaching),teaching,3.4,42,1997,Management,Business
S201502775,2015,0,F,0,Asian,NY,INST_01,State University A (Research),research,2.19,74,1997,Nursing,Health
S201502776,2015,0,M,0,Asian,GA,INST_04,Regional College D (Teaching),teaching,3.22,58,1997,Electrical Engineering,STEM
S201502777,2015,0,F,0,White,OH,INST_01,State University A (Research),research,2.77,82,1997,Nursing,Health
S201502778,2015,1,F,0,White,IL,INST_04,Regional College D (Teaching),teaching,2.85,68,1997,Public Health,Health
S201502779,2015,0,F,0,White,NY,INST_04,Regional College D (Teaching),teaching,3.37,50,1997,Political Science,Social Sciences
S201502780,2015,1,M,0,Hispanic,TX,INST_04,Regional College D (Teaching),teaching,3.05,70,1997,Accounting,Business
S201502781,2015,1,M,1,White,MI,INST_03,Regional College C (Teaching),teaching,3.59,56,1997,Statistics,STEM
S201502782,2015,0,M,0,White,CA,INST_02,State University B (Research),research,3.46,38,1997,Biology,STEM
S201502783,2015,0,M,0,Hispanic,OH,INST_03,Regional College C (Teaching),teaching,2.97,53,1997,Psychology,Social Sciences
S201502784,2015,0,M,0,Black,GA,INST_02,State University B (Research),research,4.0,36,1997,Kinesiology,Health
S201502785,2015,0,F,0,Black,OH,INST_05,Urban University E (Research),research,3.11,47,1997,Biomedical Engineering,STEM
S201502786,2015,0,F,1,Black,CA,INST_03,Regional College C (Teaching),teaching,3.52,59,1997,Finance,Business
S201502787,2015,0,M,0,Black,TX,INST_02,State University B (Research),research,3.49,81,1997,Sociology,Social Sciences
S201502788,2015,0,F,0,Black,PA,INST_05,Urban University E (Research),research,3.74,3,1997,Economics-Bus,Business
S201502789,2015,0,M,0,Black,NJ,INST_04,Regional College D (Teaching),teaching,2.92,79,1997,Psychology,Social Sciences
S201502790,2015,0,M,1,White,OH,INST_04,Regional College D (Teaching),teaching,3.42,63,1997,Public Health,Health
S201502791,2015,1,F,1,Black,OH,INST_01,State University A (Research),research,3.67,66,1997,Communications,Other
S201502792,2015,1,M,1,White,FL,INST_02,State University B (Research),research,3.13,32,1997,Mathematics,STEM
S201502793,2015,0,F,1,White,NJ,INST_02,State University B (Research),research,3.37,53,1997,Statistics,STEM
S201502794,2015,0,M,0,Hispanic,PA,INST_01,State University A (Research),research,3.36,64,1997,Communications,Other
S201502795,2015,0,M,0,White,GA,INST_05,Urban University E (Research),research,3.64,40,1997,Art History,Humanities
S201502796,2015,0,M,0,White,CA,INST_02,State University B (Research),research,2.12,38,1997,Nursing,Health
S201502797,2015,1,F,0,White,PA,INST_01,State University A (Research),research,3.82,48,1997,English,Humanities
S201502798,2015,0,F,0,White,OH,INST_04,Regional College D (Teaching),teaching,3.66,45,1997,Accounting,Business
S201502799,2015,1,M,0,White,FL,INST_04,Regional College D (Teaching),teaching,2.63,41,1997,Chemistry,STEM
S201502800,2015,1,M,1,Black,NJ,INST_01,State University A (Research),research,3.74,71,1997,Marketing,Business
S201502801,2015,1,M,0,White,IL,INST_05,Urban University E (Research),research,3.46,48,1997,Public Health,Health
S201502802,2015,0,M,1,Asian,NC,INST_04,Regional College D (Teaching),teaching,2.55,93,1997,Kinesiology,Health
S201502803,2015,1,F,1,Multi,FL,INST_01,State University A (Research),research,2.94,59,1997,Electrical Engineering,STEM
S201502804,2015,1,M,0,White,VA,INST_05,Urban University E (Research),research,2.79,88,1997,Civil Engineering,STEM
S201502805,2015,1,M,0,White,NY,INST_05,Urban University E (Research),research,2.6,30,1997,Computer Science,STEM
S201502806,2015,0,F,0,White,PA,INST_02,State University B (Research),research,3.29,50,1997,Psychology,Social Sciences
S201502807,2015,1,F,0,White,PA,INST_05,Urban University E (Research),research,2.55,67,1997,Nursing,Health
S201502808,2015,0,M,0,White,IL,INST_05,Urban University E (Research),research,2.89,43,1997,Chemistry,STEM
S201502809,2015,0,M,0,White,VA,INST_05,Urban University E (Research),research,3.27,44,1997,Political Science,Social Sciences
S201502810,2015,1,M,0,White,MI,INST_05,Urban University E (Research),research,2.42,71,1997,Public Health,Health
S201502811,2015,0,M,0,Asian,NJ,INST_01,State University A (Research),research,3.28,66,1997,Undeclared,Other
S201502812,2015,1,M,0,Hispanic,OH,INST_03,Regional College C (Teaching),teaching,2.89,96,1997,Anthropology,Social Sciences
S201502813,2015,0,F,0,Black,OH,INST_05,Urban University E (Research),research,3.65,21,1997,Political Science,Social Sciences
S201502814,2015,0,F,1,White,MI,INST_01,State University A (Research),research,3.55,45,1997,Mechanical Engineering,STEM
S201502815,2015,0,M,1,Multi,PA,INST_05,Urban University E (Research),research,2.9,59,1997,Electrical Engineering,STEM
S201502816,2015,0,M,0,White,CA,INST_01,State University A (Research),research,3.64,32,1997,Psychology,Social Sciences
S201502817,2015,0,F,0,White,CA,INST_05,Urban University E (Research),research,2.63,33,1997,Psychology,Social Sciences
S201502818,2015,0,F,0,White,CA,INST_01,State University A (Research),research,3.23,72,1997,Management,Business
S201502819,2015,0,F,0,White,CA,INST_05,Urban University E (Research),research,3.04,52,1997,Anthropology,Social Sciences
S201502820,2015,0,F,0,Black,MI,INST_01,State University A (Research),research,3.0,28,1997,History,Humanities
S201502821,2015,1,F,0,Black,MI,INST_01,State University A (Research),research,3.18,70,1997,Political Science,Social Sciences
S201502822,2015,1,M,0,Asian,NC,INST_02,State University B (Research),research,2.86,59,1997,Accounting,Business
S201502823,2015,0,M,0,Black,NY,INST_03,Regional College C (Teaching),teaching,3.5,99,1997,Anthropology,Social Sciences
S201502824,2015,0,F,1,White,MI,INST_05,Urban University E (Research),research,3.08,64,1997,Biomedical Engineering,STEM
S201502825,2015,0,F,0,White,FL,INST_05,Urban University E (Research),research,3.14,19,1997,Nursing,Health
S201502826,2015,0,M,0,Asian,GA,INST_03,Regional College C (Teaching),teaching,2.33,18,1997,Economics-Bus,Business
S201502827,2015,0,M,0,White,OH,INST_03,Regional College C (Teaching),teaching,3.86,47,1997,Marketing,Business
S201502828,2015,0,F,0,White,FL,INST_03,Regional College C (Teaching),teaching,2.94,48,1997,History,Humanities
S201502829,2015,0,F,0,White,GA,INST_02,State University B (Research),research,2.63,39,1997,Physics,STEM
S201502830,2015,0,M,0,Hispanic,NC,INST_04,Regional College D (Teaching),teaching,3.62,88,1997,Management,Business
S201502831,2015,1,F,1,Black,GA,INST_04,Regional College D (Teaching),teaching,3.08,78,1997,Sociology,Social Sciences
S201502832,2015,0,F,0,Hispanic,VA,INST_05,Urban University E (Research),research,2.63,38,1997,Political Science,Social Sciences
S201502833,2015,0,F,0,Black,TX,INST_03,Regional College C (Teaching),teaching,3.82,30,1997,Mechanical Engineering,STEM
S201502834,2015,0,F,1,White,FL,INST_04,Regional College D (Teaching),teaching,3.09,80,1997,Physics,STEM
S201502835,2015,0,M,1,Hispanic,NY,INST_02,State University B (Research),research,2.31,54,1997,Management,Business
S201502836,2015,1,F,0,Hispanic,GA,INST_03,Regional College C (Teaching),teaching,3.25,59,1997,Kinesiology,Health
S201502837,2015,1,F,0,Asian,IL,INST_01,State University A (Research),research,3.63,48,1997,Communications,Other
S201502838,2015,1,F,0,Asian,OH,INST_04,Regional College D (Teaching),teaching,3.68,72,1997,Management,Business
S201502839,2015,0,M,1,White,FL,INST_04,Regional College D (Teaching),teaching,2.33,46,1997,Physics,STEM
S201502840,2015,1,M,0,White,IL,INST_02,State University B (Research),research,2.52,67,1997,Anthropology,Social Sciences
S201502841,2015,0,M,0,AIAN,MI,INST_01,State University A (Research),research,2.77,48,1997,Communications,Other
S201502842,2015,1,F,1,Hispanic,TX,INST_03,Regional College C (Teaching),teaching,3.89,36,1997,Economics-Bus,Business
S201502843,2015,1,F,0,White,NJ,INST_01,State University A (Research),research,3.26,42,1997,Anthropology,Social Sciences
S201502844,2015,1,F,1,White,NJ,INST_03,Regional College C (Teaching),teaching,2.45,60,1997,Public Health,Health
S201502845,2015,1,M,1,Multi,TX,INST_05,Urban University E (Research),research,3.22,67,1996,Mechanical Engineering,STEM
S201502846,2015,1,F,0,White,NC,INST_03,Regional College C (Teaching),teaching,2.75,78,1997,Education,Other
S201502847,2015,0,F,0,White,GA,INST_04,Regional College D (Teaching),teaching,2.51,81,1997,Political Science,Social Sciences
S201502848,2015,0,M,0,Black,PA,INST_02,State University B (Research),research,3.1,47,1997,Finance,Business
S201502849,2015,1,M,1,Hispanic,FL,INST_02,State University B (Research),research,3.44,37,1997,Electrical Engineering,STEM
S201502850,2015,1,F,1,Multi,PA,INST_05,Urban University E (Research),research,2.9,53,1997,Pre-Med,Health
S201502851,2015,0,M,1,White,NY,INST_02,State University B (Research),research,3.07,72,1997,Undeclared,Other
S201502852,2015,0,M,0,Asian,GA,INST_01,State University A (Research),research,3.1,61,1997,Economics-Bus,Business
S201502853,2015,0,M,0,White,NJ,INST_03,Regional College C (Teaching),teaching,4.0,72,1997,Pre-Med,Health
S201502854,2015,1,M,0,Black,GA,INST_01,State University A (Research),research,3.41,9,1997,Computer Science,STEM
S201502855,2015,0,F,1,Asian,OH,INST_03,Regional College C (Teaching),teaching,3.51,65,1997,Kinesiology,Health
S201502856,2015,1,F,0,Hispanic,CA,INST_02,State University B (Research),research,3.56,56,1997,Anthropology,Social Sciences
S201502857,2015,0,F,1,White,NC,INST_03,Regional College C (Teaching),teaching,2.51,49,1997,Economics-Bus,Business
S201502858,2015,0,M,1,AIAN,VA,INST_04,Regional College D (Teaching),teaching,3.99,42,1997,Mechanical Engineering,STEM
S201502859,2015,0,F,0,Multi,TX,INST_03,Regional College C (Teaching),teaching,3.8,38,1997,Education,Other
S201502860,2015,1,F,1,White,PA,INST_03,Regional College C (Teaching),teaching,3.67,33,1997,Education,Other
S201502861,2015,1,M,0,White,GA,INST_01,State University A (Research),research,3.16,28,1997,Education,Other
S201502862,2015,1,M,0,White,NY,INST_03,Regional College C (Teaching),teaching,3.07,64,1997,Statistics,STEM
S201502863,2015,1,M,0,White,FL,INST_04,Regional College D (Teaching),teaching,2.12,40,1997,Finance,Business
S201502864,2015,1,M,0,Black,PA,INST_05,Urban University E (Research),research,4.0,41,1997,History,Humanities
S201502865,2015,0,F,1,White,FL,INST_01,State University A (Research),research,3.75,27,1997,Electrical Engineering,STEM
S201502866,2015,0,F,0,AIAN,NC,INST_04,Regional College D (Teaching),teaching,2.45,41,1997,Kinesiology,Health
S201502867,2015,1,M,1,White,IL,INST_02,State University B (Research),research,3.22,24,1997,Economics,Social Sciences
S201502868,2015,0,F,0,White,PA,INST_02,State University B (Research),research,2.44,56,1997,Management,Business
S201502869,2015,1,F,0,White,FL,INST_03,Regional College C (Teaching),teaching,3.61,68,1997,Management,Business
S201502870,2015,1,F,0,Hispanic,NJ,INST_03,Regional College C (Teaching),teaching,3.57,37,1997,Biomedical Engineering,STEM
S201502871,2015,1,M,0,White,GA,INST_04,Regional College D (Teaching),teaching,3.03,60,1997,Economics,Social Sciences
S201502872,2015,0,M,0,Black,GA,INST_02,State University B (Research),research,3.79,23,1997,Undeclared,Other
S201502873,2015,0,F,0,White,CA,INST_05,Urban University E (Research),research,3.72,71,1997,Kinesiology,Health
S201502874,2015,0,F,0,White,FL,INST_04,Regional College D (Teaching),teaching,3.09,41,1997,Kinesiology,Health
S201502875,2015,1,M,0,White,NC,INST_02,State University B (Research),research,3.5,56,1997,Kinesiology,Health
S201502876,2015,1,M,0,Hispanic,NY,INST_03,Regional College C (Teaching),teaching,3.82,89,1997,Public Health,Health
S201502877,2015,0,M,0,Hispanic,NC,INST_01,State University A (Research),research,3.35,31,1997,Undeclared,Other
S201502878,2015,0,M,0,Hispanic,GA,INST_04,Regional College D (Teaching),teaching,3.78,24,1997,Political Science,Social Sciences
S201502879,2015,1,F,0,White,NC,INST_01,State University A (Research),research,1.96,46,1997,History,Humanities
S201502880,2015,0,M,1,Hispanic,VA,INST_05,Urban University E (Research),research,2.99,29,1997,Accounting,Business
S201502881,2015,0,F,0,Black,CA,INST_04,Regional College D (Teaching),teaching,3.11,73,1997,Biomedical Engineering,STEM
S201502882,2015,0,M,0,White,TX,INST_04,Regional College D (Teaching),teaching,3.07,22,1997,Public Health,Health
S201502883,2015,0,M,0,White,TX,INST_02,State University B (Research),research,3.23,32,1997,Management,Business
S201502884,2015,0,M,0,White,NY,INST_04,Regional College D (Teaching),teaching,3.81,17,1997,Pre-Med,Health
S201502885,2015,0,M,0,Hispanic,CA,INST_02,State University B (Research),research,2.44,72,1997,Biology,STEM
S201502886,2015,0,F,0,Hispanic,MI,INST_01,State University A (Research),research,3.52,54,1997,Physics,STEM
S201502887,2015,0,F,0,Hispanic,TX,INST_02,State University B (Research),research,3.41,81,1997,Pre-Med,Health
S201502888,2015,0,F,1,Multi,TX,INST_03,Regional College C (Teaching),teaching,3.56,54,1997,Philosophy,Humanities
S201502889,2015,0,M,1,White,NY,INST_05,Urban University E (Research),research,3.45,28,1997,Mechanical Engineering,STEM
S201502890,2015,0,F,0,Asian,MI,INST_03,Regional College C (Teaching),teaching,3.2,90,1997,Spanish,Humanities
S201502891,2015,0,F,1,White,VA,INST_02,State University B (Research),research,3.71,56,1997,Public Health,Health
S201502892,2015,0,M,0,Multi,CA,INST_05,Urban University E (Research),research,2.22,48,1997,Nursing,Health
S201502893,2015,0,F,0,Hispanic,CA,INST_01,State University A (Research),research,3.66,74,1997,Chemistry,STEM
S201502894,2015,0,M,1,Hispanic,MI,INST_03,Regional College C (Teaching),teaching,3.5,38,1997,Economics-Bus,Business
S201502895,2015,1,F,0,Unknown,VA,INST_01,State University A (Research),research,2.68,56,1997,Anthropology,Social Sciences
S201502896,2015,1,F,0,White,NJ,INST_04,Regional College D (Teaching),teaching,2.87,56,1997,Biomedical Engineering,STEM
S201502897,2015,0,M,1,White,IL,INST_01,State University A (Research),research,3.78,40,1997,Kinesiology,Health
S201502898,2015,0,F,0,Black,NJ,INST_02,State University B (Research),research,2.61,87,1997,Communications,Other
S201502899,2015,1,F,0,White,GA,INST_03,Regional College C (Teaching),teaching,2.62,25,1997,General Studies,Other
S201502900,2015,0,M,0,White,CA,INST_04,Regional College D (Teaching),teaching,3.11,55,1996,Mechanical Engineering,STEM
S201502901,2015,1,F,0,White,NJ,INST_04,Regional College D (Teaching),teaching,2.87,11,1997,Economics-Bus,Business
S201502902,2015,0,F,0,White,IL,INST_03,Regional College C (Teaching),teaching,3.23,39,1997,Marketing,Business
S201502903,2015,0,F,0,Black,VA,INST_02,State University B (Research),research,3.18,50,1997,Finance,Business
S201502904,2015,0,F,0,White,OH,INST_05,Urban University E (Research),research,1.79,38,1997,Nursing,Health
S201502905,2015,1,F,0,White,NJ,INST_05,Urban University E (Research),research,3.61,67,1997,Economics-Bus,Business
S201502906,2015,1,F,0,White,CA,INST_02,State University B (Research),research,2.91,53,1997,Political Science,Social Sciences
S201502907,2015,0,F,0,Hispanic,NY,INST_05,Urban University E (Research),research,2.32,54,1997,History,Humanities
S201502908,2015,1,F,1,Asian,CA,INST_05,Urban University E (Research),research,3.41,43,1997,Psychology,Social Sciences
S201502909,2015,1,M,0,White,PA,INST_03,Regional College C (Teaching),teaching,3.2,40,1997,Political Science,Social Sciences
S201502910,2015,0,F,0,Hispanic,IL,INST_01,State University A (Research),research,3.26,61,1997,Computer Science,STEM
S201502911,2015,0,M,0,Multi,NY,INST_02,State University B (Research),research,3.62,46,1997,Nursing,Health
S201502912,2015,0,F,0,Unknown,GA,INST_02,State University B (Research),research,3.92,78,1997,Management,Business
S201502913,2015,1,F,0,Asian,IL,INST_01,State University A (Research),research,3.95,57,1997,Nursing,Health
S201502914,2015,1,F,0,Asian,CA,INST_05,Urban University E (Research),research,2.94,46,1997,Education,Other
S201502915,2015,0,M,0,Black,VA,INST_02,State University B (Research),research,3.12,51,1997,Chemistry,STEM
S201502916,2015,0,F,1,White,VA,INST_01,State University A (Research),research,3.4,47,1997,Economics-Bus,Business
S201502917,2015,1,F,0,Hispanic,NC,INST_01,State University A (Research),research,3.81,71,1997,Pre-Med,Health
S201502918,2015,1,M,0,White,TX,INST_04,Regional College D (Teaching),teaching,3.0,42,1997,Finance,Business
S201502919,2015,0,M,1,Asian,GA,INST_02,State University B (Research),research,3.25,48,1997,Management,Business
S201502920,2015,0,F,0,White,NY,INST_03,Regional College C (Teaching),teaching,3.4,86,1997,Biomedical Engineering,STEM
S201502921,2015,0,M,0,Hispanic,NJ,INST_05,Urban University E (Research),research,2.66,65,1997,Kinesiology,Health
S201502922,2015,1,F,0,Black,TX,INST_04,Regional College D (Teaching),teaching,2.76,42,1997,Education,Other
S201502923,2015,0,M,1,AIAN,NJ,INST_04,Regional College D (Teaching),teaching,3.14,75,1997,Statistics,STEM
S201502924,2015,1,F,1,White,NY,INST_02,State University B (Research),research,3.26,54,1997,General Studies,Other
S201502925,2015,0,F,0,White,CA,INST_05,Urban University E (Research),research,3.43,44,1997,Biology,STEM
S201502926,2015,1,M,1,Asian,VA,INST_05,Urban University E (Research),research,3.73,79,1997,Economics,Social Sciences
S201502927,2015,0,F,0,White,GA,INST_03,Regional College C (Teaching),teaching,3.13,28,1997,Psychology,Social Sciences
S201502928,2015,0,F,0,White,GA,INST_01,State University A (Research),research,2.44,53,1997,Anthropology,Social Sciences
S201502929,2015,0,F,0,Hispanic,NY,INST_02,State University B (Research),research,4.0,65,1997,Computer Science,STEM
S201502930,2015,0,F,0,White,NJ,INST_02,State University B (Research),research,2.98,59,1997,Anthropology,Social Sciences
S201502931,2015,1,F,0,Black,NY,INST_04,Regional College D (Teaching),teaching,3.11,45,1997,Physics,STEM
S201502932,2015,1,F,0,White,GA,INST_02,State University B (Research),research,2.85,53,1997,Undeclared,Other
S201502933,2015,0,M,1,Black,FL,INST_05,Urban University E (Research),research,2.89,72,1997,Art History,Humanities
S201502934,2015,0,F,0,Hispanic,TX,INST_01,State University A (Research),research,3.12,62,1997,Public Health,Health
S201502935,2015,1,F,0,White,PA,INST_04,Regional College D (Teaching),teaching,3.7,43,1997,Biology,STEM
S201502936,2015,1,F,1,Hispanic,MI,INST_02,State University B (Research),research,2.81,61,1997,Psychology,Social Sciences
S201502937,2015,0,M,1,White,TX,INST_02,State University B (Research),research,3.54,73,1997,Accounting,Business
S201502938,2015,0,F,0,Hispanic,GA,INST_02,State University B (Research),research,3.3,59,1997,Biomedical Engineering,STEM
S201502939,2015,1,M,0,White,NC,INST_05,Urban University E (Research),research,3.29,52,1997,Nursing,Health
S201502940,2015,0,M,0,Asian,GA,INST_03,Regional College C (Teaching),teaching,3.66,62,1997,Nursing,Health
S201502941,2015,0,M,1,Hispanic,PA,INST_02,State University B (Research),research,3.69,99,1997,Undeclared,Other
S201502942,2015,0,F,0,White,PA,INST_05,Urban University E (Research),research,2.71,49,1997,Art History,Humanities
S201502943,2015,0,F,0,Hispanic,OH,INST_04,Regional College D (Teaching),teaching,3.08,64,1997,Accounting,Business
S201502944,2015,1,M,0,White,GA,INST_01,State University A (Research),research,3.98,62,1997,Economics-Bus,Business
S201502945,2015,0,F,0,Black,TX,INST_03,Regional College C (Teaching),teaching,3.64,60,1997,Mechanical Engineering,STEM
S201502946,2015,0,F,0,White,TX,INST_04,Regional College D (Teaching),teaching,3.22,43,1997,Accounting,Business
S201502947,2015,1,M,0,White,TX,INST_01,State University A (Research),research,2.63,57,1997,Mathematics,STEM
S201502948,2015,1,M,1,Hispanic,PA,INST_05,Urban University E (Research),research,2.66,62,1997,Psychology,Social Sciences
S201502949,2015,0,M,0,Black,TX,INST_01,State University A (Research),research,4.0,3,1997,Economics,Social Sciences
S201502950,2015,1,M,0,White,PA,INST_01,State University A (Research),research,3.47,36,1997,Education,Other
S201502951,2015,0,F,1,Black,FL,INST_05,Urban University E (Research),research,3.13,34,1997,Pre-Med,Health
S201502952,2015,0,M,0,Hispanic,TX,INST_01,State University A (Research),research,3.67,97,1996,Economics,Social Sciences
S201502953,2015,0,F,1,Hispanic,CA,INST_02,State University B (Research),research,3.64,82,1997,Political Science,Social Sciences
S201502954,2015,1,M,1,Asian,GA,INST_01,State University A (Research),research,3.01,50,1997,Physics,STEM
S201502955,2015,0,F,0,Black,TX,INST_03,Regional College C (Teaching),teaching,2.89,62,1997,Management,Business
S201502956,2015,0,M,1,White,NY,INST_01,State University A (Research),research,2.64,59,1997,Nursing,Health
S201502957,2015,0,M,0,White,CA,INST_05,Urban University E (Research),research,2.53,60,1997,Biomedical Engineering,STEM
S201502958,2015,0,M,1,White,OH,INST_02,State University B (Research),research,4.0,71,1997,General Studies,Other
S201502959,2015,1,M,0,Hispanic,IL,INST_04,Regional College D (Teaching),teaching,3.42,46,1997,Sociology,Social Sciences
S201502960,2015,1,F,0,Asian,OH,INST_02,State University B (Research),research,4.0,59,1997,Kinesiology,Health
S201502961,2015,1,F,0,Asian,NJ,INST_04,Regional College D (Teaching),teaching,3.28,7,1997,Management,Business
S201502962,2015,0,F,0,Black,NC,INST_01,State University A (Research),research,3.4,7,1997,Anthropology,Social Sciences
S201502963,2015,0,M,0,Hispanic,CA,INST_05,Urban University E (Research),research,2.68,83,1997,Education,Other
S201502964,2015,0,F,0,White,OH,INST_02,State University B (Research),research,4.0,11,1997,Philosophy,Humanities
S201502965,2015,1,F,0,White,FL,INST_01,State University A (Research),research,3.46,9,1997,Chemistry,STEM
S201502966,2015,0,F,0,White,NC,INST_03,Regional College C (Teaching),teaching,3.28,30,1997,Biology,STEM
S201502967,2015,0,M,0,Asian,FL,INST_03,Regional College C (Teaching),teaching,2.1,53,1997,Physics,STEM
S201502968,2015,0,M,0,Asian,CA,INST_01,State University A (Research),research,1.84,72,1997,Economics-Bus,Business
S201502969,2015,0,M,0,White,NC,INST_03,Regional College C (Teaching),teaching,3.84,58,1997,Economics-Bus,Business
S201502970,2015,1,M,0,White,TX,INST_02,State University B (Research),research,3.19,77,1997,Chemistry,STEM
S201502971,2015,0,M,0,Black,NY,INST_03,Regional College C (Teaching),teaching,2.71,82,1997,Accounting,Business
S201502972,2015,0,M,0,Hispanic,MI,INST_03,Regional College C (Teaching),teaching,2.7,30,1997,Sociology,Social Sciences
S201502973,2015,1,F,0,Asian,CA,INST_02,State University B (Research),research,3.01,56,1997,English,Humanities
S201502974,2015,0,M,0,Asian,NY,INST_01,State University A (Research),research,3.12,48,1997,Physics,STEM
S201502975,2015,0,F,0,Unknown,MI,INST_02,State University B (Research),research,3.03,36,1997,Civil Engineering,STEM
S201502976,2015,1,F,0,Asian,VA,INST_02,State University B (Research),research,4.0,75,1997,Philosophy,Humanities
S201502977,2015,1,F,0,Unknown,MI,INST_05,Urban University E (Research),research,2.89,68,1996,Education,Other
S201502978,2015,0,F,0,White,NY,INST_02,State University B (Research),research,2.96,55,1997,Communications,Other
S201502979,2015,0,F,0,Multi,NY,INST_04,Regional College D (Teaching),teaching,2.28,61,1997,Finance,Business
S201502980,2015,0,M,0,White,OH,INST_05,Urban University E (Research),research,2.96,85,1997,Physics,STEM
S201502981,2015,0,F,0,White,PA,INST_01,State University A (Research),research,2.64,69,1997,Philosophy,Humanities
S201502982,2015,0,F,1,Multi,NC,INST_04,Regional College D (Teaching),teaching,3.43,76,1997,Mathematics,STEM
S201502983,2015,1,F,0,Hispanic,NY,INST_05,Urban University E (Research),research,3.72,35,1997,Statistics,STEM
S201502984,2015,1,F,0,Hispanic,IL,INST_04,Regional College D (Teaching),teaching,2.75,50,1997,English,Humanities
S201502985,2015,0,F,1,Multi,MI,INST_02,State University B (Research),research,3.66,64,1997,Psychology,Social Sciences
S201502986,2015,0,M,0,Hispanic,IL,INST_03,Regional College C (Teaching),teaching,3.2,72,1997,Political Science,Social Sciences
S201502987,2015,0,F,1,Hispanic,TX,INST_01,State University A (Research),research,3.34,78,1997,History,Humanities
S201502988,2015,0,F,0,White,MI,INST_04,Regional College D (Teaching),teaching,4.0,21,1997,Sociology,Social Sciences
S201502989,2015,0,M,0,White,MI,INST_01,State University A (Research),research,3.3,50,1997,Public Health,Health
S201502990,2015,0,F,0,White,GA,INST_02,State University B (Research),research,3.05,99,1997,Civil Engineering,STEM
S201502991,2015,0,M,0,Hispanic,FL,INST_03,Regional College C (Teaching),teaching,3.08,46,1997,Kinesiology,Health
S201502992,2015,1,M,0,Hispanic,TX,INST_01,State University A (Research),research,3.66,57,1997,Mathematics,STEM
S201502993,2015,1,M,1,Hispanic,FL,INST_04,Regional College D (Teaching),teaching,3.52,45,1997,Undeclared,Other
S201502994,2015,1,F,0,Black,MI,INST_04,Regional College D (Teaching),teaching,2.94,52,1997,Economics,Social Sciences
S201502995,2015,0,M,1,White,NJ,INST_04,Regional College D (Teaching),teaching,2.53,52,1997,Economics-Bus,Business
S201502996,2015,0,M,0,White,CA,INST_01,State University A (Research),research,3.98,59,1997,Economics-Bus,Business
S201502997,2015,0,F,1,Multi,PA,INST_05,Urban University E (Research),research,3.35,59,1997,General Studies,Other
S201502998,2015,1,F,0,Hispanic,FL,INST_03,Regional College C (Teaching),teaching,3.03,50,1997,Marketing,Business
S201502999,2015,1,F,0,Unknown,PA,INST_01,State University A (Research),research,2.84,53,1997,Psychology,Social Sciences
S201503000,2015,1,F,0,White,OH,INST_01,State University A (Research),research,3.84,64,1997,Electrical Engineering,STEM
S201503001,2015,1,F,0,Black,NC,INST_03,Regional College C (Teaching),teaching,2.4,32,1997,Education,Other
S201503002,2015,0,M,0,White,FL,INST_05,Urban University E (Research),research,3.51,33,1997,Economics-Bus,Business
S201503003,2015,0,F,0,Asian,GA,INST_02,State University B (Research),research,2.4,69,1997,Mathematics,STEM
S201503004,2015,0,F,0,Black,OH,INST_05,Urban University E (Research),research,2.91,69,1997,Kinesiology,Health
S201503005,2015,0,M,0,Hispanic,NJ,INST_03,Regional College C (Teaching),teaching,3.36,60,1997,Accounting,Business
S201503006,2015,0,M,0,Asian,PA,INST_03,Regional College C (Teaching),teaching,2.96,31,1997,Finance,Business
S201503007,2015,0,F,1,Hispanic,OH,INST_05,Urban University E (Research),research,3.14,17,1997,Marketing,Business
S201503008,2015,1,F,0,White,NJ,INST_03,Regional College C (Teaching),teaching,2.46,44,1997,Public Health,Health
S201503009,2015,0,F,0,Black,NJ,INST_04,Regional College D (Teaching),teaching,3.41,55,1997,Nursing,Health
S201503010,2015,0,F,0,White,NJ,INST_02,State University B (Research),research,3.58,53,1997,Public Health,Health
S201503011,2015,1,F,1,Hispanic,IL,INST_02,State University B (Research),research,3.05,44,1997,Public Health,Health
S201503012,2015,0,M,1,White,CA,INST_05,Urban University E (Research),research,2.71,37,1997,Accounting,Business
S201503013,2015,0,M,0,Hispanic,GA,INST_02,State University B (Research),research,2.55,66,1997,Biology,STEM
S201503014,2015,1,M,1,Hispanic,IL,INST_04,Regional College D (Teaching),teaching,3.77,38,1997,Finance,Business
S201503015,2015,0,F,0,Hispanic,NY,INST_05,Urban University E (Research),research,2.68,28,1996,Psychology,Social Sciences
S201503016,2015,0,F,1,White,NY,INST_04,Regional College D (Teaching),teaching,3.47,56,1997,Political Science,Social Sciences
S201503017,2015,0,F,0,White,MI,INST_02,State University B (Research),research,3.47,42,1997,Undeclared,Other
S201503018,2015,0,M,0,White,NY,INST_02,State University B (Research),research,3.55,57,1997,Chemistry,STEM
S201503019,2015,0,M,0,Black,NY,INST_03,Regional College C (Teaching),teaching,2.81,9,1997,Electrical Engineering,STEM
S201503020,2015,0,F,0,Unknown,NJ,INST_01,State University A (Research),research,2.92,55,1997,Anthropology,Social Sciences
S201503021,2015,1,F,0,Asian,CA,INST_05,Urban University E (Research),research,3.48,34,1997,Finance,Business
S201503022,2015,0,F,1,Hispanic,NJ,INST_05,Urban University E (Research),research,3.29,62,1997,Nursing,Health
S201503023,2015,0,M,0,Black,NY,INST_01,State University A (Research),research,3.15,75,1997,Marketing,Business
S201503024,2015,1,F,0,White,CA,INST_01,State University A (Research),research,2.92,30,1997,Public Health,Health
S201503025,2015,1,F,0,White,VA,INST_05,Urban University E (Research),research,3.17,55,1997,Finance,Business
S201503026,2015,0,F,1,White,CA,INST_03,Regional College C (Teaching),teaching,3.38,71,1997,Spanish,Humanities
S201503027,2015,1,M,0,White,PA,INST_01,State University A (Research),research,3.21,68,1997,Undeclared,Other
S201503028,2015,0,M,1,White,PA,INST_03,Regional College C (Teaching),teaching,3.15,80,1997,Biology,STEM
S201503029,2015,1,M,0,White,NC,INST_01,State University A (Research),research,3.16,57,1997,Physics,STEM
S201503030,2015,1,F,1,Hispanic,NY,INST_01,State University A (Research),research,3.43,40,1997,Economics,Social Sciences
S201503031,2015,0,M,0,White,FL,INST_02,State University B (Research),research,3.41,48,1997,Public Health,Health
S201503032,2015,0,F,0,White,PA,INST_01,State University A (Research),research,3.39,54,1997,Marketing,Business
S201503033,2015,1,M,1,White,CA,INST_01,State University A (Research),research,3.36,42,1996,Statistics,STEM
S201503034,2015,0,F,1,White,FL,INST_02,State University B (Research),research,2.99,33,1997,Pre-Med,Health
S201503035,2015,1,M,0,Black,NY,INST_03,Regional College C (Teaching),teaching,2.71,60,1997,Finance,Business
S201503036,2015,0,M,0,Black,VA,INST_02,State University B (Research),research,3.19,90,1997,Art History,Humanities
S201503037,2015,0,M,0,White,TX,INST_03,Regional College C (Teaching),teaching,2.4,69,1997,Nursing,Health
S201503038,2015,0,F,0,White,NC,INST_02,State University B (Research),research,3.68,56,1997,Political Science,Social Sciences
S201503039,2015,0,F,0,Hispanic,IL,INST_05,Urban University E (Research),research,3.65,54,1997,Nursing,Health
S201503040,2015,1,F,1,White,NJ,INST_04,Regional College D (Teaching),teaching,3.0,36,1997,Marketing,Business
S201503041,2015,0,F,0,White,OH,INST_02,State University B (Research),research,3.5,34,1997,Nursing,Health
S201503042,2015,0,F,1,White,GA,INST_03,Regional College C (Teaching),teaching,2.93,58,1997,Chemistry,STEM
S201503043,2015,0,F,0,White,CA,INST_03,Regional College C (Teaching),teaching,3.34,34,1997,Mechanical Engineering,STEM
S201503044,2015,1,F,0,Hispanic,VA,INST_02,State University B (Research),research,2.81,74,1997,Accounting,Business
S201503045,2015,1,F,0,Hispanic,CA,INST_01,State University A (Research),research,3.71,81,1997,Art History,Humanities
S201503046,2015,0,F,0,Black,OH,INST_02,State University B (Research),research,3.91,57,1997,Psychology,Social Sciences
S201503047,2015,1,F,0,White,OH,INST_02,State University B (Research),research,3.14,71,1997,Economics,Social Sciences
S201503048,2015,0,F,0,White,NY,INST_04,Regional College D (Teaching),teaching,3.57,61,1997,Biology,STEM
S201503049,2015,1,M,1,Asian,IL,INST_02,State University B (Research),research,3.3,66,1997,Economics-Bus,Business
S201503050,2015,0,F,0,Hispanic,PA,INST_04,Regional College D (Teaching),teaching,3.16,23,1997,Communications,Other
S201503051,2015,1,M,0,White,PA,INST_02,State University B (Research),research,2.98,94,1997,Computer Science,STEM
S201503052,2015,0,M,1,Hispanic,MI,INST_02,State University B (Research),research,2.6,51,1997,Anthropology,Social Sciences
S201503053,2015,1,M,0,Hispanic,VA,INST_04,Regional College D (Teaching),teaching,3.2,51,1997,Biomedical Engineering,STEM
S201503054,2015,0,M,0,Hispanic,PA,INST_03,Regional College C (Teaching),teaching,2.85,75,1997,Nursing,Health
S201503055,2015,1,F,0,Multi,GA,INST_05,Urban University E (Research),research,3.95,49,1997,Psychology,Social Sciences
S201503056,2015,0,M,0,Black,TX,INST_03,Regional College C (Teaching),teaching,3.19,43,1997,Economics-Bus,Business
S201503057,2015,0,NB,0,White,PA,INST_03,Regional College C (Teaching),teaching,4.0,53,1997,Accounting,Business
S201503058,2015,1,F,0,Hispanic,GA,INST_02,State University B (Research),research,3.88,78,1997,Statistics,STEM
S201503059,2015,0,F,0,Multi,OH,INST_01,State University A (Research),research,3.66,58,1997,Physics,STEM
S201503060,2015,1,M,1,White,NY,INST_03,Regional College C (Teaching),teaching,3.96,49,1997,Biomedical Engineering,STEM
S201503061,2015,0,M,1,White,NC,INST_05,Urban University E (Research),research,3.55,48,1997,Civil Engineering,STEM
S201503062,2015,0,M,0,Asian,NJ,INST_04,Regional College D (Teaching),teaching,4.0,30,1997,Accounting,Business
S201503063,2015,1,M,0,Hispanic,TX,INST_01,State University A (Research),research,3.16,59,1997,Nursing,Health
S201503064,2015,0,F,0,White,NJ,INST_03,Regional College C (Teaching),teaching,3.09,57,1997,Biomedical Engineering,STEM
S201503065,2015,0,F,1,White,MI,INST_03,Regional College C (Teaching),teaching,2.42,44,1997,Mechanical Engineering,STEM
S201503066,2015,0,M,0,Hispanic,IL,INST_05,Urban University E (Research),research,3.66,60,1997,Mathematics,STEM
S201503067,2015,1,F,0,White,OH,INST_03,Regional College C (Teaching),teaching,3.43,44,1997,Marketing,Business
S201503068,2015,1,F,0,White,TX,INST_02,State University B (Research),research,2.59,63,1997,Education,Other
S201503069,2015,0,F,0,Black,TX,INST_02,State University B (Research),research,3.02,75,1997,Sociology,Social Sciences
S201503070,2015,0,M,1,Black,TX,INST_03,Regional College C (Teaching),teaching,3.05,79,1997,Kinesiology,Health
S201503071,2015,0,F,0,Black,FL,INST_04,Regional College D (Teaching),teaching,2.81,76,1997,English,Humanities
S201503072,2015,0,F,1,Hispanic,IL,INST_04,Regional College D (Teaching),teaching,3.36,61,1997,Communications,Other
S201503073,2015,0,F,1,White,OH,INST_05,Urban University E (Research),research,3.5,77,1997,Marketing,Business
S201503074,2015,1,M,0,White,PA,INST_03,Regional College C (Teaching),teaching,3.29,70,1997,Anthropology,Social Sciences
S201503075,2015,0,M,0,White,FL,INST_04,Regional College D (Teaching),teaching,3.02,56,1997,Physics,STEM
S201503076,2015,1,M,0,Black,MI,INST_02,State University B (Research),research,3.07,32,1997,Electrical Engineering,STEM
S201503077,2015,1,M,0,White,MI,INST_05,Urban University E (Research),research,2.31,99,1997,Computer Science,STEM
S201503078,2015,0,M,0,White,OH,INST_03,Regional College C (Teaching),teaching,3.15,43,1997,Physics,STEM
S201503079,2015,1,M,0,White,IL,INST_01,State University A (Research),research,2.92,67,1997,Spanish,Humanities
S201503080,2015,0,F,0,White,NC,INST_04,Regional College D (Teaching),teaching,3.2,66,1997,Political Science,Social Sciences
S201503081,2015,0,F,1,Unknown,IL,INST_03,Regional College C (Teaching),teaching,3.37,46,1997,Biology,STEM
S201503082,2015,0,F,1,White,MI,INST_04,Regional College D (Teaching),teaching,3.0,35,1997,Kinesiology,Health
S201503083,2015,1,M,0,White,OH,INST_01,State University A (Research),research,2.82,54,1997,English,Humanities
S201503084,2015,1,F,0,Multi,NY,INST_05,Urban University E (Research),research,3.23,70,1997,Communications,Other
S201503085,2015,0,F,0,White,NY,INST_05,Urban University E (Research),research,3.02,31,1996,Biology,STEM
S201503086,2015,0,F,1,White,TX,INST_05,Urban University E (Research),research,3.01,3,1997,Mathematics,STEM
S201503087,2015,0,F,0,Black,TX,INST_01,State University A (Research),research,2.52,61,1997,Biomedical Engineering,STEM
S201503088,2015,0,F,0,White,CA,INST_03,Regional College C (Teaching),teaching,2.28,49,1997,Nursing,Health
S201503089,2015,1,M,0,White,IL,INST_01,State University A (Research),research,2.04,27,1997,Statistics,STEM
S201503090,2015,0,F,0,White,MI,INST_01,State University A (Research),research,2.96,40,1997,Marketing,Business
S201503091,2015,0,F,0,White,VA,INST_02,State University B (Research),research,2.46,71,1997,Kinesiology,Health
S201503092,2015,0,M,0,White,IL,INST_05,Urban University E (Research),research,2.48,69,1997,Economics-Bus,Business
S201503093,2015,0,M,0,Black,GA,INST_05,Urban University E (Research),research,4.0,39,1997,Chemistry,STEM
S201503094,2015,0,M,0,White,MI,INST_04,Regional College D (Teaching),teaching,2.86,48,1997,Marketing,Business
S201503095,2015,0,F,0,Hispanic,TX,INST_05,Urban University E (Research),research,3.51,54,1997,Nursing,Health
S201503096,2015,0,F,0,White,FL,INST_03,Regional College C (Teaching),teaching,3.56,55,1997,Political Science,Social Sciences
S201503097,2015,1,F,1,White,GA,INST_04,Regional College D (Teaching),teaching,4.0,21,1997,Finance,Business
S201503098,2015,0,F,0,White,NC,INST_05,Urban University E (Research),research,2.89,87,1997,Art History,Humanities
S201503099,2015,1,F,1,Hispanic,MI,INST_02,State University B (Research),research,3.51,63,1997,Nursing,Health
S201503100,2015,0,M,1,White,GA,INST_04,Regional College D (Teaching),teaching,3.05,67,1997,Management,Business
S201503101,2015,0,M,0,White,TX,INST_02,State University B (Research),research,3.1,21,1997,Electrical Engineering,STEM
S201503102,2015,0,M,1,White,MI,INST_04,Regional College D (Teaching),teaching,3.02,62,1997,Finance,Business
S201503103,2015,0,M,1,White,CA,INST_04,Regional College D (Teaching),teaching,4.0,40,1997,Pre-Med,Health
S201503104,2015,0,M,0,Black,NJ,INST_05,Urban University E (Research),research,3.64,22,1997,General Studies,Other
S201503105,2015,0,F,0,White,PA,INST_04,Regional College D (Teaching),teaching,3.3,26,1997,History,Humanities
S201503106,2015,1,F,0,Hispanic,TX,INST_05,Urban University E (Research),research,2.56,34,1997,Undeclared,Other
S201503107,2015,0,F,0,Multi,GA,INST_01,State University A (Research),research,2.89,49,1997,Sociology,Social Sciences
S201503108,2015,0,M,0,White,NJ,INST_01,State University A (Research),research,3.3,31,1997,Marketing,Business
S201503109,2015,0,F,0,Hispanic,CA,INST_03,Regional College C (Teaching),teaching,3.61,48,1997,Biomedical Engineering,STEM
S201503110,2015,1,M,0,Asian,NJ,INST_04,Regional College D (Teaching),teaching,2.97,80,1997,Marketing,Business
S201503111,2015,0,M,0,Multi,NC,INST_04,Regional College D (Teaching),teaching,2.95,19,1997,Management,Business
S201503112,2015,1,F,0,Black,VA,INST_03,Regional College C (Teaching),teaching,3.27,69,1997,Chemistry,STEM
S201503113,2015,1,M,1,White,GA,INST_01,State University A (Research),research,2.89,21,1997,Spanish,Humanities
S201503114,2015,0,M,1,White,FL,INST_03,Regional College C (Teaching),teaching,3.36,55,1997,Anthropology,Social Sciences
S201503115,2015,0,F,0,White,NC,INST_02,State University B (Research),research,3.04,46,1997,English,Humanities
S201503116,2015,1,M,0,Black,TX,INST_05,Urban University E (Research),research,3.41,53,1997,Anthropology,Social Sciences
S201503117,2015,0,M,0,Hispanic,VA,INST_01,State University A (Research),research,2.72,91,1997,Political Science,Social Sciences
S201503118,2015,0,M,0,Hispanic,NC,INST_02,State University B (Research),research,3.31,76,1997,Education,Other
S201503119,2015,0,F,1,White,PA,INST_04,Regional College D (Teaching),teaching,3.33,39,1997,Pre-Med,Health
S201503120,2015,1,M,0,White,PA,INST_02,State University B (Research),research,2.88,68,1997,Statistics,STEM
S201503121,2015,0,F,0,White,CA,INST_03,Regional College C (Teaching),teaching,3.33,42,1997,Communications,Other
S201503122,2015,0,M,0,Black,NC,INST_01,State University A (Research),research,2.61,49,1997,History,Humanities
S201503123,2015,0,F,1,White,GA,INST_01,State University A (Research),research,3.22,14,1997,Accounting,Business
S201503124,2015,0,F,0,White,NY,INST_02,State University B (Research),research,3.9,69,1997,Computer Science,STEM
S201503125,2015,0,F,0,White,MI,INST_05,Urban University E (Research),research,2.99,53,1997,Sociology,Social Sciences
S201503126,2015,1,F,1,White,MI,INST_01,State University A (Research),research,2.84,73,1997,English,Humanities
S201503127,2015,0,M,0,White,IL,INST_04,Regional College D (Teaching),teaching,2.94,73,1997,Sociology,Social Sciences
S201503128,2015,1,M,0,White,NY,INST_02,State University B (Research),research,3.77,49,1997,General Studies,Other
S201503129,2015,0,M,1,White,VA,INST_02,State University B (Research),research,3.12,70,1997,Economics-Bus,Business
S201503130,2015,1,F,1,Hispanic,GA,INST_03,Regional College C (Teaching),teaching,2.84,78,1997,Biomedical Engineering,STEM
S201503131,2015,1,M,1,White,NJ,INST_02,State University B (Research),research,2.95,34,1997,Accounting,Business
S201503132,2015,0,M,0,White,GA,INST_02,State University B (Research),research,3.36,30,1997,Mechanical Engineering,STEM
S201503133,2015,0,F,0,White,MI,INST_02,State University B (Research),research,3.05,59,1997,Political Science,Social Sciences
S201503134,2015,0,F,1,White,MI,INST_04,Regional College D (Teaching),teaching,3.11,22,1997,Accounting,Business
S201503135,2015,1,M,1,Asian,OH,INST_05,Urban University E (Research),research,3.28,50,1997,Biology,STEM
S201503136,2015,0,M,0,Asian,MI,INST_01,State University A (Research),research,2.94,68,1997,Economics-Bus,Business
S201503137,2015,0,M,0,Hispanic,NY,INST_01,State University A (Research),research,3.77,37,1997,Pre-Med,Health
S201503138,2015,1,F,0,Asian,PA,INST_02,State University B (Research),research,2.75,65,1997,Management,Business
S201503139,2015,1,F,1,Hispanic,GA,INST_02,State University B (Research),research,3.75,71,1997,Accounting,Business
S201503140,2015,0,F,0,White,TX,INST_03,Regional College C (Teaching),teaching,3.35,60,1997,Mathematics,STEM
S201503141,2015,0,M,0,Multi,PA,INST_03,Regional College C (Teaching),teaching,2.49,55,1997,Sociology,Social Sciences
S201503142,2015,1,F,1,White,IL,INST_02,State University B (Research),research,3.26,56,1997,Biomedical Engineering,STEM
S201503143,2015,1,F,0,White,FL,INST_02,State University B (Research),research,2.99,58,1997,Civil Engineering,STEM
S201503144,2015,0,M,0,White,MI,INST_02,State University B (Research),research,2.81,93,1997,Civil Engineering,STEM
S201503145,2015,0,M,0,White,CA,INST_01,State University A (Research),research,2.96,47,1997,Pre-Med,Health
S201503146,2015,1,F,0,White,VA,INST_02,State University B (Research),research,3.45,38,1997,Electrical Engineering,STEM
S201503147,2015,1,M,0,White,CA,INST_01,State University A (Research),research,2.71,45,1997,Marketing,Business
S201503148,2015,1,M,0,White,NJ,INST_05,Urban University E (Research),research,3.08,99,1997,General Studies,Other
S201503149,2015,0,M,1,White,TX,INST_03,Regional College C (Teaching),teaching,3.8,99,1997,Computer Science,STEM
S201503150,2015,0,M,0,White,TX,INST_04,Regional College D (Teaching),teaching,3.33,53,1997,Electrical Engineering,STEM
S201503151,2015,1,F,0,White,PA,INST_02,State University B (Research),research,2.8,46,1997,Undeclared,Other
S201503152,2015,1,F,0,Black,IL,INST_02,State University B (Research),research,1.94,31,1997,Anthropology,Social Sciences
S201503153,2015,0,M,0,Asian,IL,INST_02,State University B (Research),research,3.39,45,1997,Spanish,Humanities
S201503154,2015,0,F,0,Black,OH,INST_02,State University B (Research),research,2.86,55,1997,Nursing,Health
S201503155,2015,1,F,1,Black,IL,INST_01,State University A (Research),research,3.24,57,1997,Mathematics,STEM
S201503156,2015,0,M,0,Asian,OH,INST_03,Regional College C (Teaching),teaching,3.08,47,1997,Mathematics,STEM
S201503157,2015,0,M,1,White,MI,INST_03,Regional College C (Teaching),teaching,3.39,65,1997,Economics,Social Sciences
S201503158,2015,0,M,0,White,NY,INST_01,State University A (Research),research,3.37,84,1997,Biology,STEM
S201503159,2015,1,F,1,White,GA,INST_04,Regional College D (Teaching),teaching,3.28,52,1997,Chemistry,STEM
S201503160,2015,1,M,0,Black,NJ,INST_02,State University B (Research),research,2.96,42,1997,Philosophy,Humanities
S201503161,2015,0,F,1,Asian,PA,INST_05,Urban University E (Research),research,3.37,45,1997,Civil Engineering,STEM
S201503162,2015,0,M,1,Multi,FL,INST_02,State University B (Research),research,3.27,58,1997,Chemistry,STEM
S201503163,2015,0,F,0,White,VA,INST_03,Regional College C (Teaching),teaching,3.17,57,1997,General Studies,Other
S201503164,2015,0,F,0,White,NJ,INST_01,State University A (Research),research,3.92,71,1997,Biomedical Engineering,STEM
S201503165,2015,0,M,0,Hispanic,OH,INST_01,State University A (Research),research,3.15,49,1997,Psychology,Social Sciences
S201503166,2015,1,M,0,Hispanic,TX,INST_03,Regional College C (Teaching),teaching,2.51,64,1997,Electrical Engineering,STEM
S201503167,2015,0,M,1,White,PA,INST_01,State University A (Research),research,3.1,99,1997,Economics,Social Sciences
S201503168,2015,1,F,1,White,IL,INST_05,Urban University E (Research),research,3.89,61,1996,Spanish,Humanities
S201503169,2015,0,F,0,Multi,OH,INST_05,Urban University E (Research),research,3.09,33,1997,History,Humanities
S201503170,2015,0,F,0,White,MI,INST_03,Regional College C (Teaching),teaching,3.83,99,1997,Electrical Engineering,STEM
S201503171,2015,0,F,0,White,CA,INST_01,State University A (Research),research,3.74,68,1997,Statistics,STEM
S201503172,2015,1,F,0,White,PA,INST_04,Regional College D (Teaching),teaching,3.43,20,1997,Sociology,Social Sciences
S201503173,2015,1,M,0,White,FL,INST_05,Urban University E (Research),research,3.98,82,1997,Management,Business
S201503174,2015,0,F,0,Hispanic,NJ,INST_01,State University A (Research),research,3.57,62,1997,Nursing,Health
S201503175,2015,0,F,0,Asian,OH,INST_03,Regional College C (Teaching),teaching,3.21,41,1997,Kinesiology,Health
S201503176,2015,0,M,0,White,NJ,INST_05,Urban University E (Research),research,3.6,32,1997,Economics-Bus,Business
S201503177,2015,0,F,0,Black,NJ,INST_02,State University B (Research),research,2.91,43,1997,Sociology,Social Sciences
S201503178,2015,0,F,0,Black,OH,INST_03,Regional College C (Teaching),teaching,2.99,44,1997,Biomedical Engineering,STEM
S201503179,2015,0,F,0,Black,OH,INST_03,Regional College C (Teaching),teaching,2.94,74,1997,Finance,Business
S201503180,2015,0,F,0,White,IL,INST_03,Regional College C (Teaching),teaching,3.08,84,1997,Economics-Bus,Business
S201503181,2015,0,F,1,Black,IL,INST_01,State University A (Research),research,2.95,65,1997,General Studies,Other
S201503182,2015,1,M,0,Black,NJ,INST_01,State University A (Research),research,3.28,52,1997,Political Science,Social Sciences
S201503183,2015,1,M,0,White,IL,INST_03,Regional College C (Teaching),teaching,3.53,99,1997,Nursing,Health
S201503184,2015,0,F,1,Unknown,PA,INST_05,Urban University E (Research),research,3.58,50,1997,Communications,Other
S201503185,2015,0,M,0,White,VA,INST_05,Urban University E (Research),research,3.39,93,1997,Kinesiology,Health
S201503186,2015,0,F,1,White,GA,INST_03,Regional College C (Teaching),teaching,3.47,63,1997,Art History,Humanities
S201503187,2015,0,F,1,White,OH,INST_04,Regional College D (Teaching),teaching,3.77,50,1997,Physics,STEM
S201503188,2015,0,M,0,White,MI,INST_05,Urban University E (Research),research,3.61,47,1997,Pre-Med,Health
